0 0.49887499999999996 0.7775312499999999 0.9977499999999999 0.4179791666666666
0 0.6328671875 0.6606770833333333 0.7297656250000001 0.26068749999999996
0 0.7198046875 0.5701770833333333 0.560390625 0.11460416666666666
0 0.56178125 0.45764583333333336 0.42021875000000003 0.17858333333333332
0 0.14157031250000002 0.9134895833333333 0.279765625 0.1505625
0 0.6520234375 0.34546875000000005 0.062515625 0.05402083333333333
0 0.546921875 0.36842708333333335 0.061625 0.0183125
0 0.0825546875 0.3762083333333333 0.031953125 0.010166666666666666
0 0.8991093750000001 0.48847916666666663 0.18812500000000001 0.09391666666666666
0 0.3878984375 0.37616666666666665 0.024453125000000003 0.007791666666666667
