0 0.16315833333333335 0.30712538226299696 0.11958333333333335 0.08195718654434252
0 0.7815 0.35211009174311925 0.10543333333333334 0.06483180428134556
0 0.6089833333333333 0.3211926605504587 0.0781 0.05045871559633028
0 0.4688083333333333 0.2999388379204893 0.05881666666666667 0.03211009174311927
0 0.5394916666666667 0.6 0.6748166666666667 0.5123547400611621
0 0.07449166666666668 0.27896024464831803 0.04558333333333334 0.034067278287461776
0 0.8773833333333333 0.36359327217125387 0.10143333333333333 0.07220183486238532
0 0.5425 0.30876146788990827 0.055233333333333336 0.04119266055045872
0 0.41635833333333333 0.28691131498470945 0.05278333333333334 0.0218348623853211
0 0.6913833333333333 0.3418654434250764 0.07363333333333334 0.04330275229357798
