0 0.39687500000000003 0.9044917012448134 0.48571875000000003 0.16404564315352696
0 0.7810390625000001 0.7306846473029046 0.35654687500000004 0.2636929460580913
0 0.8796015625 0.6724377593360996 0.24060937500000001 0.07985477178423236
0 0.8989921875000001 0.6079564315352697 0.202015625 0.06935684647302905
0 0.16051562500000002 0.45715767634854776 0.318125 0.5823236514522822
0 0.540015625 0.40447095435684643 0.13468750000000002 0.07823651452282158
0 0.9026250000000001 0.45895228215767636 0.19475 0.10815352697095436
0 0.9301640625000002 0.5022302904564315 0.139671875 0.06470954356846473
0 0.7171875000000001 0.48600622406639005 0.14581249999999998 0.034211618257261406
0 0.6179140625 0.47468879668049796 0.060609375 0.03576763485477178
0 0.7199140625 0.42891078838174274 0.10117187500000001 0.03545643153526971
0 0.936671875 0.5449792531120332 0.1265625 0.03688796680497926
0 0.69965625 0.4707780082987552 0.10884375 0.03703319502074689
0 0.60859375 0.504149377593361 0.6421875 0.16597510373443983
