0 0.5619648093841642 0.69759 0.8080938416422287 0.12302
0 0.7392228739002933 0.8019899999999999 0.4460703812316716 0.09686
0 0.4977712609970675 0.4237 0.4608797653958944 0.0504
0 0.5333284457478006 0.5821500000000001 0.7258944281524927 0.0639
0 0.595733137829912 0.6438400000000001 0.740733137829912 0.07092
0 0.35621700879765394 0.38732 0.41284457478005865 0.04136
0 0.5222873900293256 0.6211599999999999 0.6525513196480939 0.03904
0 0.7750879765395895 0.47226999999999997 0.2295307917888563 0.07206
0 0.5103958944281526 0.52826 0.8828445747800587 0.0484
0 0.4993988269794722 0.56557 0.923900293255132 0.08498
0 0.39193548387096777 0.49548 0.7117888563049853 0.06068
0 0.635733137829912 0.73482 0.6494134897360704 0.11816
0 0.13929618768328444 0.358 0.2434017595307918 0.04
