0 0.47976562500000003 0.8325149700598803 0.1030625 0.08646706586826347
0 0.6158125000000001 0.763997005988024 0.0985625 0.0657185628742515
0 0.6826171875 0.6852395209580839 0.10157812500000002 0.06461077844311378
0 0.5318515625 0.6625898203592815 0.088484375 0.06452095808383235
0 0.388421875 0.7145508982035929 0.06803125 0.045628742514970067
0 0.2603671875 0.7490269461077844 0.09217187500000001 0.09008982035928144
0 0.1993984375 0.8261077844311379 0.07232812500000001 0.08640718562874251
0 0.095328125 0.8696407185628744 0.07600000000000001 0.17197604790419163
0 0.106625 0.6930239520958085 0.05706250000000001 0.058802395209580846
0 0.5283359375 0.8074401197604791 0.081109375 0.08559880239520959
0 0.3614453125 0.8333233532934132 0.06314062499999999 0.06173652694610779
0 0.392234375 0.6506287425149702 0.06734375000000001 0.05035928143712575
0 0.2635 0.6349401197604791 0.047656250000000004 0.11389221556886228
0 0.35703125 0.5598802395209581 0.6953125 0.2035928143712575
