0 0.8845468750000001 0.4709583333333333 0.04659375 0.03666666666666667
0 0.5165234375 0.6494479166666667 0.084984375 0.08177083333333333
0 0.4995546875 0.7470104166666667 0.146953125 0.12727083333333333
0 0.34989843750000005 0.7550416666666667 0.165171875 0.130125
0 0.778703125 0.6387499999999999 0.1351875 0.088875
0 0.8687265625 0.7182916666666666 0.219078125 0.14870833333333333
0 0.4157421875 0.6430104166666666 0.087109375 0.09527083333333333
0 0.6106250000000001 0.6508541666666667 0.10365625 0.11816666666666666
0 0.3288125 0.6596354166666667 0.09453125000000001 0.08814583333333334
0 0.2043125 0.7596145833333333 0.24265625000000002 0.14422916666666669
0 0.8746796875 0.6204479166666667 0.154390625 0.08560416666666668
0 0.70434375 0.73003125 0.16009375 0.15177083333333333
