0 0.6659140625 0.6650520833333333 0.099703125 0.03377083333333333
0 0.36878906250000004 0.61 0.030921875 0.09000000000000001
0 0.2564296875 0.5925729166666667 0.04095312500000001 0.1124375
0 0.191 0.7261458333333334 0.23521875 0.11745833333333333
0 0.08107031250000002 0.7003333333333334 0.09898437500000001 0.044000000000000004
0 0.531484375 0.6423541666666668 0.05159375000000001 0.04
0 0.4797109375 0.6421875 0.052390625 0.03308333333333333
0 0.3336015625 0.7089270833333332 0.085390625 0.08527083333333334
0 0.10175000000000001 0.6621770833333334 0.09509375 0.0556875
0 0.40540624999999997 0.63121875 0.02909375 0.04935416666666667
0 0.972375 0.6660416666666666 0.052062500000000005 0.018041666666666668
0 0.4450625000000001 0.6426562499999999 0.02475 0.025104166666666667
0 0.58778125 0.6609375 0.05840625000000001 0.02383333333333333
0 0.6898437500000001 0.39791666666666664 0.5515625000000001 0.5833333333333334
