0 0.2624941451990632 0.7313515625 0.0505152224824356 0.042703125
0 0.8239695550351289 0.6534765625000001 0.06372365339578455 0.192390625
0 0.8995901639344263 0.74284375 0.0913583138173302 0.01046875
0 0.8916159250585479 0.7344921875 0.0375175644028103 0.006515625000000001
0 0.03401639344262295 0.7119609375000001 0.027892271662763465 0.022203125000000004
0 0.008817330210772833 0.7047890625000001 0.01126463700234192 0.028984375000000003
0 0.05490632318501171 0.708796875 0.020210772833723654 0.02584375
0 0.16213114754098362 0.7063671875 0.01601873536299766 0.028515625000000003
0 0.11103044496487119 0.7115 0.023840749414519906 0.038000000000000006
0 0.13853629976580797 0.7074375 0.03332552693208431 0.0286875
0 0.2002810304449649 0.71884375 0.010210772833723654 0.010062500000000002
0 0.9678337236533957 0.7437890625 0.04831381733021077 0.009265625
0 0.29011709601873537 0.7086484375 0.015362997658079624 0.024828125000000003
0 0.5 0.7171875000000001 0.9953161592505855 0.053125000000000006
