0 0.8350468750000002 0.6067261904761906 0.204125 0.13940476190476192
0 0.53715625 0.5608809523809524 0.07796875 0.0440952380952381
0 0.35552343750000004 0.6920000000000002 0.110796875 0.04214285714285714
0 0.07471875 0.5757738095238095 0.069875 0.026547619047619053
0 0.48529687500000007 0.4168214285714286 0.12375000000000001 0.2800714285714286
0 0.4965859375 0.43540476190476196 0.23220312500000004 0.19495238095238096
0 0.36578125 0.5132500000000001 0.0340625 0.05473809523809524
0 0.237359375 0.5529285714285715 0.10400000000000001 0.037904761904761906
0 0.2600546875 0.5427619047619048 0.10895312500000001 0.03557142857142857
0 0.2503359375 0.43355952380952384 0.12917187500000002 0.253452380952381
