0 0.29505468749999997 0.22370833333333331 0.058640625 0.027291666666666665
0 0.44429687500000004 0.12155208333333332 0.085875 0.09510416666666666
0 0.55678125 0.16239583333333335 0.07565625000000001 0.036083333333333335
0 0.8811171875 0.16754166666666667 0.054234375 0.03770833333333334
0 0.786640625 0.18970833333333334 0.04453125 0.016125
0 0.7135703125000001 0.20692708333333334 0.11004687500000002 0.18485416666666668
0 0.169609375 0.24720833333333334 0.08481250000000001 0.04920833333333333
0 0.037437500000000005 0.16785416666666664 0.07487500000000001 0.07037500000000001
0 0.07886718749999999 0.26046874999999997 0.133453125 0.11172916666666667
0 0.8600703125 0.18208333333333335 0.194265625 0.17625
0 0.22525 0.23071874999999997 0.10115625 0.035437500000000004
0 0.7706875000000001 0.17066666666666666 0.06859375 0.025666666666666667
0 0.1804921875 0.2111875 0.09657812500000001 0.034041666666666665
