0 0.5653515625 0.91475 0.20795312500000002 0.11583333333333333
0 0.7782265625 0.8900104166666666 0.17739062500000002 0.08460416666666666
0 0.569578125 0.837 0.16418750000000001 0.08112499999999999
0 0.1661171875 0.7549583333333333 0.08373437500000001 0.11358333333333334
0 0.9466328125000001 0.7438125 0.106734375 0.33708333333333335
0 0.3371328125 0.7093541666666667 0.12435937500000001 0.49854166666666666
0 0.2568046875 0.7540104166666667 0.057109375 0.27168749999999997
0 0.463921875 0.6615625 0.07175000000000001 0.26575
0 0.8588515624999999 0.8206041666666666 0.087453125 0.09116666666666666
0 0.7043906250000002 0.8276979166666667 0.11825000000000002 0.09910416666666666
0 0.40562500000000007 0.8485208333333333 0.10003125 0.10137499999999999
0 0.31107031250000006 0.6955104166666666 0.07704687500000001 0.22610416666666666
0 0.46006250000000004 0.72590625 0.07125000000000001 0.051104166666666666
0 0.17343750000000002 0.63125 0.215625 0.3625
