0 0.179828125 0.4672705882352941 0.31243750000000003 0.23058823529411762
0 0.3479375 0.4641882352941176 0.3245 0.23025882352941174
0 0.4866718750000001 0.3487882352941176 0.06984375000000001 0.04877647058823529
0 0.48490625 0.4697529411764706 0.355125 0.22510588235294116
0 0.89321875 0.3610588235294117 0.057531250000000006 0.0324235294117647
0 0.75565625 0.4849176470588235 0.40234375 0.1912941176470588
0 0.3805625 0.34041176470588236 0.040531250000000005 0.03847058823529412
0 0.641984375 0.4727176470588234 0.35915625000000007 0.2012470588235294
0 0.6547890625 0.35061176470588234 0.051390625 0.0392
0 0.2409296875 0.3322 0.034171875000000004 0.032635294117647054
0 0.7910390625 0.35231764705882346 0.03307812500000001 0.0216235294117647
0 0.9763203125000001 0.5708470588235294 0.047359375 0.051858823529411756
0 0.9008750000000001 0.37898823529411757 0.022093750000000002 0.01821176470588235
0 0.1375 0.3423529411764706 0.037500000000000006 0.025882352941176467
