0 0.8014140625 0.6807083333333334 0.14776562499999998 0.10108333333333334
0 0.3681953125 0.7653020833333334 0.28401562500000005 0.06577083333333333
0 0.7352890625000001 0.5840729166666667 0.089421875 0.0540625
0 0.5423515625 0.6525208333333334 0.163265625 0.06991666666666667
0 0.146125 0.64446875 0.29225 0.11397916666666667
0 0.1429765625 0.5714270833333334 0.089421875 0.041895833333333334
0 0.8622421874999999 0.6315416666666667 0.09976562500000001 0.05575
0 0.22361718750000004 0.6720729166666667 0.24539062500000003 0.15102083333333333
0 0.29764062500000005 0.7475520833333333 0.23278125 0.07322916666666666
0 0.6159453125000001 0.492875 0.023203125 0.09491666666666668
0 0.34182812500000004 0.5893333333333333 0.08659375000000001 0.07183333333333333
0 0.9565703124999999 0.6577395833333333 0.08685937500000002 0.05372916666666666
0 0.9630000000000001 0.5616979166666667 0.06475 0.048937499999999995
0 0.5007812500000001 0.65 0.9703125 0.2833333333333333
