0 0.7441686182669789 0.9302421875000001 0.5116627634660421 0.139515625
0 0.5437822014051522 0.8505625000000001 0.9124355971896956 0.09212500000000001
0 0.8061475409836066 0.667234375 0.3877049180327869 0.04590625
0 0.6718852459016393 0.6447656250000001 0.5659250585480093 0.07825
0 0.7473887587822013 0.5550859375 0.09702576112412178 0.065921875
0 0.5376463700234192 0.7946562500000001 0.9247072599531616 0.070125
0 0.606639344262295 0.9108046875 0.7867213114754098 0.099171875
0 0.39637002341920374 0.64765625 0.5422014051522248 0.05390625
0 0.9245316159250585 0.566484375 0.1475175644028103 0.058937500000000004
0 0.7253629976580797 0.5079609375 0.3046838407494145 0.040015625
0 0.6600585480093677 0.6951640625 0.6798829039812646 0.08323437500000001
0 0.501112412177986 0.7201718750000001 0.805503512880562 0.05034375
0 0.4757962529274005 0.6284609375000001 0.602599531615925 0.042515625
0 0.49882903981264637 0.4109375 0.9976580796252927 0.821875
