0 0.6039000000000001 0.17128012048192773 0.32272 0.34153614457831327
0 0.82921 0.16549698795180723 0.20186 0.32840361445783134
0 0.51968 0.31756024096385543 0.07328 0.06981927710843373
0 0.2834 0.2038253012048193 0.15403999999999998 0.11710843373493977
0 0.92406 0.22349397590361447 0.15188 0.1755421686746988
0 0.82513 0.16417168674698795 0.07726000000000001 0.05159638554216867
0 0.14464 0.4121234939759036 0.2794 0.4356325301204819
0 0.18023 0.17143072289156627 0.0569 0.05713855421686747
0 0.85894 0.1311144578313253 0.17612 0.09403614457831326
0 0.64402 0.15570783132530122 0.11968000000000001 0.07256024096385542
0 0.26551 0.1122590361445783 0.20586000000000002 0.0686144578313253
