0 0.8995468750000001 0.8299445983379502 0.20090625000000004 0.23423822714681442
0 0.7132734375 0.7695429362880887 0.573453125 0.3254016620498615
0 0.43511718750000006 0.7083379501385042 0.679671875 0.22520775623268696
0 0.42907031250000005 0.5640443213296399 0.33082812500000003 0.13484764542936287
0 0.134421875 0.5571052631578948 0.2461875 0.142797783933518
0 0.40619531250000007 0.6348337950138504 0.773328125 0.22939058171745152
0 0.86925 0.5877008310249309 0.19387500000000002 0.13357340720221605
0 0.03900000000000001 0.864196675900277 0.07800000000000001 0.1629639889196676
0 0.15130468750000003 0.503573407202216 0.11082812500000001 0.05052631578947368
0 0.1462421875 0.598005540166205 0.172703125 0.08149584487534627
0 0.0490859375 0.5466204986149584 0.098171875 0.11966759002770085
