0 0.48551562499999995 0.42302107728337235 0.08209375000000001 0.5391569086651053
0 0.7761953125000001 0.48214285714285715 0.089796875 0.32128805620608897
0 0.554515625 0.49362997658079627 0.03290625 0.1323185011709602
0 0.8280234375000002 0.5379274004683842 0.031546875 0.01252927400468384
0 0.9731171875000002 0.5381850117096019 0.031453125 0.017259953161592505
0 0.42458593750000007 0.5257728337236535 0.066484375 0.1436768149882904
0 0.8521406250000001 0.5175058548009368 0.03134375 0.05131147540983606
0 0.9688671874999999 0.5170257611241217 0.059921875000000006 0.053161592505854796
0 0.78265625 0.5358430913348946 0.023406250000000003 0.01028103044496487
0 0.5515234375000001 0.4545433255269321 0.039265625 0.18491803278688523
