0 0.40016406250000003 0.8533606557377049 0.797296875 0.2222248243559719
0 0.5665078125 0.39751756440281033 0.841484375 0.7882903981264637
0 0.416578125 0.5366510538641686 0.4310625 0.0966744730679157
0 0.4422890625 0.47685011709601877 0.383828125 0.05168618266978923
0 0.45250781250000005 0.4476229508196722 0.306953125 0.0680327868852459
0 0.9570078125000001 0.40011709601873535 0.08535937500000002 0.07274004683840748
0 0.5517421875 0.3292154566744731 0.056984375000000004 0.060679156908665106
0 0.480109375 0.32519906323185016 0.0474375 0.06838407494145199
0 0.6840625 0.3104449648711944 0.053062500000000005 0.05302107728337237
0 0.7757265625 0.4230444964871194 0.109328125 0.030491803278688525
0 0.7670234375 0.3294964871194379 0.062328125000000005 0.07412177985948477
0 0.547390625 0.20121779859484779 0.05515625 0.2495550351288056
0 0.7951953125000001 0.474695550351288 0.267234375 0.08531615925058549
0 0.59921875 0.6053864168618267 0.7984375 0.6206088992974239
