0 0.039296875 0.3922873563218391 0.0724375 0.08618390804597702
0 0.057960937500000004 0.35106896551724137 0.044890625 0.04880459770114943
0 0.7804921875 0.6786436781609195 0.241328125 0.4359540229885057
0 0.2764609375 0.6749080459770116 0.253546875 0.44268965517241377
0 0.5409843750000001 0.38457471264367815 0.08378125 0.10073563218390805
0 0.7251171875000001 0.2780574712643678 0.048546875 0.05418390804597701
0 0.6176171875 0.3072528735632184 0.059265625 0.03680459770114943
0 0.0324375 0.35156321839080457 0.063375 0.07245977011494252
0 0.21557031250000003 0.27441379310344827 0.05417187500000001 0.06239080459770115
0 0.06459375 0.32031034482758614 0.1291875 0.055241379310344826
0 0.1210703125 0.30534482758620685 0.041265625 0.05142528735632184
0 0.16078906250000002 0.2853793103448276 0.057890625 0.029379310344827585
0 0.53515625 0.3045977011494253 0.9265625000000001 0.15402298850574714
