0 0.2079609375 0.400164705882353 0.046828125 0.044658823529411765
0 0.4465390625000001 0.7045999999999999 0.059171875 0.06209411764705882
0 0.4816328125 0.7739647058823529 0.046203125000000005 0.09856470588235293
0 0.7123359375 0.36538823529411757 0.08982812500000001 0.07543529411764706
0 0.1767265625 0.4051294117647058 0.037953125000000004 0.03976470588235293
0 0.13138281250000003 0.5136000000000001 0.042359375000000005 0.0808
0 0.26150781250000005 0.5821647058823529 0.064265625 0.07303529411764705
0 0.9608046875000001 0.3999058823529411 0.078390625 0.12639999999999998
0 0.5604140625 0.6258588235294117 0.088015625 0.0824470588235294
0 0.6978046875000001 0.6150823529411763 0.067484375 0.33171764705882345
0 0.4528671875 0.408 0.109015625 0.03957647058823529
0 0.439734375 0.5386941176470588 0.05209375000000001 0.06124705882352941
0 0.362328125 0.40661176470588234 0.07503125000000001 0.0740235294117647
0 0.5 0.5270588235294117 0.9968750000000001 0.9411764705882352
