0 0.3762109375 0.6915458937198068 0.088796875 0.03719806763285024
0 0.297234375 0.6753743961352656 0.07931250000000001 0.02210144927536232
0 0.0361328125 0.6814613526570048 0.072265625 0.05867149758454106
0 0.5442656250000001 0.5372463768115943 0.8321875000000001 0.18304347826086956
0 0.394234375 0.6328019323671497 0.06021875 0.016425120772946857
0 0.45378124999999997 0.6239734299516908 0.0325 0.009782608695652173
0 0.505796875 0.628454106280193 0.048593750000000005 0.015217391304347825
0 0.564359375 0.6327657004830919 0.043750000000000004 0.018333333333333333
0 0.5940937500000001 0.6205314009661835 0.046000000000000006 0.02681159420289855
0 0.6618828125 0.6236352657004831 0.05267187500000001 0.03471014492753623
0 0.7036953125000001 0.6576570048309178 0.037890625000000004 0.06082125603864734
0 0.38040625000000006 0.6562318840579708 0.055375 0.02579710144927536
0 0.8486640625 0.6331400966183575 0.052921875 0.023816425120772946
0 0.515625 0.6207729468599034 0.9656250000000001 0.09178743961352656
