0 0.7004453125000001 0.7807394366197183 0.095828125 0.20772300469483568
0 0.5357109375 0.7687793427230047 0.08426562500000001 0.16652582159624413
0 0.15709375 0.7967840375586853 0.024625 0.019483568075117374
0 0.140421875 0.7722417840375586 0.0193125 0.009460093896713616
0 0.62046875 0.7625704225352113 0.056531250000000005 0.027863849765258214
0 0.4609375 0.7692605633802817 0.027562500000000004 0.011103286384976527
0 0.49049218749999995 0.7710211267605633 0.030546875 0.010352112676056338
0 0.51434375 0.7712558685446009 0.01675 0.009272300469483569
0 0.2549375 0.7434037558685446 0.06375 0.06995305164319249
0 0.18440625000000002 0.7650821596244132 0.0289375 0.014295774647887324
0 0.9258046875 0.8064319248826292 0.030890625 0.013943661971830987
0 0.21595312499999997 0.761150234741784 0.03784375 0.029436619718309857
