0 0.8635859374999999 0.7496018735362998 0.08323437500000001 0.026557377049180327
0 0.6828203125000001 0.6667915690866512 0.045453125000000004 0.12257611241217799
0 0.7519374999999999 0.7245433255269322 0.09559375 0.08154566744730679
0 0.8171328125000001 0.668231850117096 0.062328125000000005 0.14269320843091335
0 0.2304296875 0.6442271662763467 0.08635937500000002 0.17903981264637003
0 0.43470312499999997 0.6642037470725995 0.08121875 0.12470725995316159
0 0.35554687500000004 0.6710772833723653 0.02528125 0.042576112412177985
0 0.3350078125 0.6576932084309133 0.020546875000000003 0.05622950819672132
0 0.5283359375 0.6587822014051522 0.018953125 0.03981264637002342
0 0.0358203125 0.670608899297424 0.019484375 0.018360655737704918
0 0.13614843750000002 0.6613348946135831 0.023953125000000002 0.03976580796252927
0 0.28571875 0.6576697892271663 0.0140625 0.04175644028103044
0 0.30053125 0.6586533957845433 0.015218750000000001 0.03519906323185012
0 0.58125 0.6814988290398126 0.821875 0.06557377049180328
