0 0.7459921875 0.8059007832898173 0.461265625 0.3685639686684073
0 0.0976875 0.5409007832898173 0.13740625 0.11449086161879896
0 0.0416015625 0.5258224543080939 0.083203125 0.15164490861618798
0 0.437546875 0.5745300261096605 0.038125 0.04524804177545692
0 0.48662500000000003 0.5779634464751958 0.0298125 0.05279373368146214
0 0.5333828125000001 0.5869843342036554 0.033765625 0.04926892950391645
0 0.5817890625000001 0.5877545691906005 0.033703125 0.042663185378590075
0 0.057257812500000005 0.7319321148825065 0.11451562500000001 0.2742558746736293
0 0.51121875 0.5729242819843342 0.026500000000000003 0.0395822454308094
0 0.36564843750000003 0.5690600522193211 0.030734375000000005 0.04699738903394256
0 0.5582109375000001 0.5831723237597912 0.035046875 0.04399477806788512
0 0.8465390625000002 0.7017362924281985 0.30485937500000004 0.19715404699738906
0 0.6040546875000001 0.5852088772845954 0.030765625000000005 0.041070496083550914
0 0.7992187500000001 0.6253263707571801 0.3984375 0.15404699738903394
