0 0.4295781249999999 0.5515817409766454 0.40365625 0.4942887473460722
0 0.8489062500000002 0.645276008492569 0.30218750000000005 0.1486411889596603
0 0.6889296874999999 0.46028662420382166 0.22607812500000002 0.42838641188959664
0 0.1116328125 0.33370488322717623 0.223265625 0.6674097664543525
0 0.52625 0.42723991507431 0.14784375000000002 0.12331210191082802
0 0.650703125 0.34049893842887474 0.10843750000000002 0.33696390658174097
0 0.890046875 0.46455414012738855 0.21990625000000003 0.13904458598726113
0 0.9437890625 0.38910828025477706 0.053234375 0.03596602972399151
0 0.68890625 0.33018046709129506 0.09818750000000001 0.024479830148619954
0 0.5348359374999999 0.36144373673036095 0.17860937500000001 0.055031847133757965
0 0.1021796875 0.4341188959660297 0.129515625 0.08900212314225053
0 0.4148515625 0.36546709129511673 0.067265625 0.03254777070063694
0 0.2430859375 0.19981953290870486 0.11892187500000001 0.3443524416135881
0 0.49921875000000004 0.4872611464968153 0.9984375000000001 0.9745222929936306
