0 0.3262578125 0.6506470588235294 0.138265625 0.07588235294117647
0 0.6105703125 0.5499294117647058 0.045921875 0.032894117647058824
0 0.6675078125 0.5309411764705881 0.037671875 0.021223529411764704
0 0.7237656250000001 0.5114117647058823 0.022593750000000003 0.013788235294117646
0 0.8013593750000001 0.9168352941176469 0.22375 0.16632941176470586
0 0.4573515625000001 0.6034705882352941 0.064796875 0.04416470588235294
0 0.8956796875 0.5992823529411764 0.080296875 0.12308235294117646
0 0.6934921875000001 0.522235294117647 0.031171875 0.018352941176470586
0 0.7691484375000001 0.49105882352941177 0.030953124999999998 0.02037647058823529
0 0.8911640624999999 0.7047647058823528 0.075171875 0.10477647058823529
0 0.7453046875 0.5004 0.027453125000000002 0.02432941176470588
0 0.8772812500000001 0.8073529411764705 0.09259375 0.12821176470588236
0 0.9203203125 0.5338705882352941 0.043796875000000006 0.02952941176470588
0 0.88046875 0.5247058823529411 0.1328125 0.15058823529411763
