0 0.6804765625 0.23387850467289717 0.109328125 0.13275700934579437
0 0.70384375 0.34615654205607477 0.15565625000000002 0.09488317757009344
0 0.4913203125 0.28510514018691585 0.055546874999999996 0.026658878504672894
0 0.5885703124999999 0.2706542056074766 0.079203125 0.05630841121495327
0 0.44900781250000005 0.1913200934579439 0.118609375 0.19918224299065418
0 0.34470312500000005 0.2505607476635514 0.09071875000000001 0.06406542056074767
0 0.27429687500000005 0.2287850467289719 0.10771875 0.06822429906542056
0 0.7745312500000001 0.2309228971962617 0.09993750000000001 0.13549065420560746
0 0.8713359375 0.23702102803738317 0.04976562500000001 0.13287383177570092
0 0.06766406250000001 0.18879672897196262 0.11998437500000002 0.04577102803738317
0 0.5509765625 0.24882009345794392 0.034609375 0.042546728971962613
0 0.9556953125000001 0.22644859813084112 0.088609375 0.07686915887850466
0 0.8005703125000001 0.46091121495327103 0.132203125 0.05149532710280373
0 0.56484375 0.29439252336448596 0.8328125000000001 0.3598130841121495
