0 0.5288671875000001 0.4636770833333333 0.21692187500000004 0.04710416666666666
0 0.9851093750000001 0.5381145833333333 0.02978125 0.048562499999999995
0 0.6690781250000001 0.4344166666666667 0.023000000000000003 0.044083333333333335
0 0.6883750000000001 0.43928125 0.021687500000000002 0.03160416666666667
0 0.6471640625 0.40530208333333334 0.017953125 0.019354166666666665
0 0.6266328125 0.4054270833333334 0.022171875 0.019354166666666665
0 0.4878046875 0.3835104166666667 0.006609375000000001 0.014812500000000001
0 0.4521015625 0.41035416666666663 0.017234375 0.013958333333333333
0 0.607046875 0.4045833333333333 0.01584375 0.013541666666666667
0 0.36940625000000005 0.4073645833333333 0.01071875 0.009937499999999998
