0 0.7728984375000001 0.5728020833333333 0.048546875 0.05227083333333333
0 0.30267187500000003 0.5867604166666667 0.05556250000000001 0.050895833333333335
0 0.36185937500000004 0.5836666666666667 0.07471875 0.058333333333333334
0 0.7060703125000001 0.5188541666666667 0.07392187500000001 0.21470833333333333
0 0.508796875 0.6529479166666667 0.20865625 0.1741875
0 0.9269453125 0.6410208333333334 0.140859375 0.196625
0 0.50803125 0.6057395833333333 0.09668750000000001 0.0674375
0 0.42840625000000004 0.5901041666666667 0.09434375 0.050208333333333334
0 0.07870312500000001 0.6202291666666666 0.1055625 0.06666666666666667
0 0.25335156249999996 0.5889479166666667 0.052359375 0.04822916666666666
0 0.1650859375 0.6228437499999999 0.262265625 0.06327083333333333
0 0.05325 0.5903541666666666 0.0350625 0.029208333333333333
