0 0.7129531250000001 0.8205555555555556 0.145625 0.07482180293501048
0 0.08859375000000001 0.7778721174004194 0.12434375 0.08672955974842768
0 0.8999296874999999 0.8201991614255766 0.154390625 0.2019916142557652
0 0.1286796875 0.9024737945492664 0.25067187500000004 0.14574423480083856
0 0.4744375 0.8925366876310272 0.12896875000000002 0.18431865828092245
0 0.30871093750000006 0.7238679245283018 0.021953125000000004 0.014276729559748428
0 0.40609375 0.7867505241090147 0.06259375 0.04624737945492662
0 0.5726796875 0.7231341719077569 0.029671875 0.027190775681341723
0 0.8780390625 0.7697274633123691 0.071546875 0.04079664570230608
0 0.4070703125 0.7188259958071279 0.06551562500000001 0.011614255765199161
0 0.5025468750000001 0.7198846960167715 0.02921875 0.01914046121593292
0 0.49487499999999995 0.6751991614255766 0.0729375 0.018448637316561847
0 0.7246562500000001 0.653825995807128 0.04178125 0.016498951781970653
0 0.5125000000000001 0.6802935010482181 0.96875 0.09433962264150944
