0 0.9535625 0.6368333333333334 0.092875 0.07358333333333333
0 0.8731171875000001 0.6580729166666667 0.11039062500000002 0.021062499999999998
0 0.33966406250000003 0.67759375 0.096453125 0.034395833333333334
0 0.2239375 0.6811875 0.13696875 0.05808333333333333
0 0.07879687500000002 0.8615520833333332 0.06146875000000001 0.0553125
0 0.8752734375 0.8115624999999999 0.047265625000000006 0.04045833333333334
0 0.3118984375 0.8249375 0.08451562500000001 0.051041666666666666
0 0.11782031250000001 0.8611770833333333 0.037453125 0.034562499999999996
0 0.72978125 0.8363124999999999 0.0855 0.0475
0 0.1675859375 0.8548541666666666 0.088140625 0.050374999999999996
0 0.5054921875000001 0.8746666666666666 0.07670312500000001 0.04454166666666667
0 0.814890625 0.7215416666666667 0.0765625 0.24570833333333333
0 0.49921875000000004 0.7489583333333333 0.9984375000000001 0.4979166666666667
