0 0.47078125000000004 0.7393325526932084 0.74065625 0.24269320843091333
0 0.25374218750000005 0.5304098360655738 0.5074843750000001 0.1923887587822014
0 0.15133593750000002 0.3285011709601873 0.30267187500000003 0.0993911007025761
0 0.9085625 0.5101170960187353 0.182875 0.12135831381733021
0 0.28393750000000006 0.22601873536299766 0.21618750000000003 0.06637002341920374
0 0.47593750000000007 0.3357142857142857 0.36181250000000004 0.10229508196721311
0 0.5031796875 0.25665105386416864 0.245421875 0.04426229508196721
0 0.73090625 0.3657377049180328 0.18740625 0.10112412177985948
0 0.7840703124999999 0.2928688524590164 0.287796875 0.059508196721311475
0 0.6732265625 0.2864168618266979 0.254046875 0.061311475409836065
0 0.8053203125 0.4910421545667447 0.334859375 0.16981264637002344
0 0.42392968750000004 0.15809133489461358 0.092515625 0.06850117096018736
0 0.12221875 0.2823419203747073 0.2444375 0.043700234192037474
0 0.5 0.33489461358313816 0.9968750000000001 0.6697892271662763
