0 0.24691406250000003 0.8990312500000001 0.490453125 0.17527083333333332
0 0.5338671875000001 0.8645416666666665 0.401453125 0.24070833333333333
0 0.6687343750000001 0.766375 0.48759375000000005 0.26295833333333335
0 0.36446875000000006 0.7382708333333333 0.08328125 0.03208333333333333
0 0.2872265625 0.7297083333333333 0.065484375 0.03175
0 0.08724218750000001 0.7317604166666667 0.15435937500000002 0.07160416666666666
0 0.23635937500000004 0.7383124999999999 0.0241875 0.016125
0 0.9158906250000002 0.43647916666666664 0.1295625 0.8729583333333333
0 0.160703125 0.7291041666666666 0.0406875 0.028999999999999998
0 0.2584609375 0.7272083333333333 0.070140625 0.03320833333333333
0 0.9515156250000001 0.7825729166666666 0.09696875 0.08735416666666666
