0 0.39748 0.6793600000000001 0.08076000000000001 0.01952
0 0.5964400000000001 0.35895 0.19240000000000002 0.08078
0 0.1408 0.45187 0.21616 0.0869
0 0.36621 0.66774 0.07114000000000001 0.017079999999999998
0 0.88051 0.15689 0.11554 0.0429
0 0.42525 0.94341 0.07562 0.048100000000000004
0 0.36605999999999994 0.14098 0.07656 0.02384
0 0.87549 0.7271000000000001 0.07326 0.0412
0 0.77222 0.68825 0.04868 0.02922
0 0.41053 0.6708500000000001 0.046380000000000005 0.010740000000000001
0 0.84289 0.69685 0.05358 0.03062
0 0.43953000000000003 0.14784 0.05258 0.04516
0 0.8472200000000001 0.4351 0.17156000000000002 0.0828
0 0.502 0.54 0.992 0.9
