0 0.2918515625 0.6839461358313818 0.15370312500000002 0.06259953161592506
0 0.6543749999999999 0.633512880562061 0.08603125 0.05901639344262295
0 0.7923125 0.6633489461358314 0.16628125000000002 0.07850117096018736
0 0.38575000000000004 0.5409016393442623 0.07968750000000001 0.026721311475409838
0 0.588640625 0.5116744730679157 0.046312500000000006 0.024707259953161594
0 0.8562500000000001 0.5734192037470726 0.044312500000000005 0.035784543325526934
0 0.95996875 0.6044145199063231 0.055406250000000004 0.027049180327868853
0 0.5262578125 0.6 0.071265625 0.032646370023419205
0 0.40659375 0.5202341920374707 0.06871875 0.02257611241217799
0 0.5351328125 0.5119086651053865 0.059296875000000006 0.022365339578454334
0 0.753984375 0.604519906323185 0.07971875 0.03063231850117096
0 0.115328125 0.5261592505854801 0.050156250000000006 0.022669789227166275
0 0.9568828125 0.6398243559718969 0.06185937500000001 0.030515222482435597
0 0.49296875 0.4964871194379391 0.9828125000000001 0.09367681498829039
