0 0.5793203125 0.8221294117647058 0.46079687500000005 0.35574117647058817
0 0.8424765624999999 0.7898941176470587 0.315046875 0.34830588235294113
0 0.2939140625 0.5728941176470588 0.06248437500000001 0.046588235294117646
0 0.4751953125 0.5902470588235295 0.094265625 0.07098823529411764
0 0.17143750000000002 0.4866235294117647 0.0681875 0.1596470588235294
0 0.1263046875 0.5715058823529412 0.10717187500000001 0.0744
0 0.3851640625 0.5829176470588235 0.134765625 0.09844705882352942
0 0.04509375000000001 0.5037058823529412 0.083625 0.35555294117647057
0 0.2351640625 0.5544823529411764 0.039890625000000006 0.04938823529411764
0 0.678015625 0.6673411764705882 0.1035 0.21378823529411764
