0 0.3868125 0.49193208430913343 0.22937500000000002 0.06138173302107729
0 0.630671875 0.33346604215456677 0.051125000000000004 0.048243559718969556
0 0.7363515625000001 0.3014871194379391 0.173171875 0.09444964871194379
0 0.553359375 0.30379391100702574 0.1341875 0.111615925058548
0 0.8469609375000001 0.3092271662763466 0.080015625 0.07433255269320843
0 0.89046875 0.29881733021077284 0.0719375 0.0851288056206089
0 0.947171875 0.28964871194379394 0.06734375000000001 0.09372365339578455
0 0.24175000000000002 0.48687353629976576 0.13475 0.08611241217798596
0 0.2882109375 0.3031147540983607 0.09698437500000001 0.11770491803278688
0 0.026218750000000002 0.3497658079625293 0.03846875 0.06622950819672131
0 0.9909765625000001 0.30007025761124123 0.018046875 0.022107728337236534
0 0.338296875 0.40442622950819673 0.37396875 0.09166276346604216
