0 0.32239062500000004 0.8079270833333333 0.058875000000000004 0.05335416666666667
0 0.7609140625 0.8876041666666665 0.164953125 0.07795833333333334
0 0.4658125 0.8125729166666665 0.09984375000000001 0.018604166666666665
0 0.381375 0.7926145833333333 0.0125 0.004020833333333333
0 0.017656250000000002 0.7701770833333333 0.035312500000000004 0.0560625
0 0.43403125 0.7911770833333333 0.013531250000000002 0.012020833333333333
0 0.5847265625 0.7918229166666666 0.022359375 0.007229166666666667
0 0.555875 0.7968541666666666 0.01384375 0.00575
0 0.3813984375 0.7885208333333333 0.013546875 0.015625
0 0.2910703125 0.8062604166666666 0.025078125000000003 0.017729166666666667
0 0.9857265625 0.8291770833333333 0.028546875 0.0269375
