0 0.6506328125 0.8564268867924528 0.040328125 0.05705188679245283
0 0.5794765625 0.7943278301886793 0.027140625 0.1686556603773585
0 0.5509765625 0.802311320754717 0.024546875000000003 0.12768867924528302
0 0.6413046875 0.7601768867924528 0.025984375 0.1403066037735849
0 0.7881953125000001 0.8847877358490566 0.031328125000000005 0.038160377358490566
0 0.8363984375 0.7388325471698113 0.030859375 0.04658018867924528
0 0.7402734375 0.7347051886792452 0.030703124999999998 0.046344339622641506
0 0.1194140625 0.5359433962264151 0.039203125000000005 0.021273584905660375
0 0.38236718750000004 0.47695754716981126 0.046953125000000005 0.07816037735849056
0 0.5725625 0.4878537735849056 0.0504375 0.10971698113207548
0 0.1903984375 0.7488561320754717 0.042890625 0.11044811320754716
0 0.30595312500000005 0.4535731132075472 0.0414375 0.09483490566037736
0 0.8048906250000001 0.6939858490566038 0.023250000000000003 0.12830188679245283
