0 0.076015625 0.39301041666666664 0.14865625000000002 0.0630625
0 0.8261093750000001 0.23836458333333335 0.07409375 0.029354166666666667
0 0.159234375 0.24067708333333335 0.03290625 0.017229166666666667
0 0.0693125 0.2323125 0.031468750000000004 0.0295
0 0.44088281249999994 0.43130208333333336 0.574328125 0.5991041666666667
0 0.0063437499999999996 0.24761458333333333 0.012687499999999999 0.010645833333333334
0 0.7351796875000001 0.17777083333333332 0.034921875000000005 0.057291666666666664
0 0.8178828125000002 0.19730208333333332 0.020234375 0.014145833333333333
0 0.915484375 0.1921875 0.030437500000000003 0.030833333333333334
0 0.9588671875000001 0.19487500000000002 0.042515625 0.029083333333333336
0 0.8749375000000001 0.19365625 0.039718750000000004 0.024604166666666667
