0 0.8403125000000001 0.5550351288056206 0.319375 0.42505854800936765
0 0.48633593750000004 0.5666978922716628 0.232609375 0.3422950819672131
0 0.44932031250000004 0.6283021077283372 0.187640625 0.14709601873536302
0 0.470890625 0.5244730679156909 0.21678125000000004 0.29971896955503513
0 0.296390625 0.5120843091334895 0.28006250000000005 0.22861826697892274
0 0.15046875 0.5078454332552693 0.061906249999999996 0.21011709601873535
0 0.1269765625 0.5833255269320843 0.12473437500000001 0.10585480093676816
0 0.655625 0.5396018735362998 0.17175 0.37377049180327865
0 0.0667734375 0.48762295081967216 0.133546875 0.11843091334894613
0 0.28859375 0.6180327868852459 0.23234375 0.12454332552693208
0 0.6095312500000001 0.6659133489461357 0.09884375000000001 0.10372365339578454
0 0.10057812500000002 0.4226346604215457 0.055281250000000004 0.03524590163934426
