0 0.9489375 0.8176249999999999 0.10212500000000001 0.23108333333333334
0 0.79321875 0.6402916666666667 0.41337500000000005 0.14187499999999997
0 0.6675 0.5450520833333333 0.31425000000000003 0.11635416666666666
0 0.13040625000000003 0.49763541666666666 0.041281250000000005 0.042270833333333334
0 0.038890625000000005 0.5543229166666667 0.07778125000000001 0.041979166666666665
0 0.9401640625 0.51278125 0.11967187500000001 0.03152083333333333
0 0.8404921875 0.4697083333333333 0.319015625 0.05370833333333334
0 0.07918750000000001 0.53184375 0.09140625000000001 0.028229166666666666
0 0.1476953125 0.4556770833333333 0.072984375 0.03135416666666667
0 0.17620312500000002 0.4413645833333333 0.05853125000000001 0.02414583333333333
0 0.018578125 0.6246145833333333 0.03715625 0.0566875
