0 0.4890937500000001 0.5686041666666667 0.11712499999999999 0.08066666666666666
0 0.377421875 0.5518333333333333 0.127 0.10495833333333333
0 0.6124609375000001 0.5769062500000001 0.135703125 0.06872916666666667
0 0.25618749999999996 0.5725833333333332 0.13375 0.049
0 0.9552343750000001 0.5180104166666666 0.08953125 0.19447916666666665
0 0.7439140625 0.5597916666666667 0.131578125 0.103875
0 0.1391796875 0.5515104166666666 0.11579687500000001 0.09293749999999999
0 0.0473515625 0.54478125 0.094703125 0.09985416666666666
0 0.5072421875 0.5150104166666667 0.11598437500000001 0.0956875
0 0.8543203125000001 0.5725 0.119046875 0.079375
