0 0.352078125 0.458687374749499 0.0739375 0.14274549098196393
0 0.13054687500000003 0.45792585170340677 0.099875 0.11232464929859717
0 0.31009375000000006 0.45041082164328655 0.046875 0.062264529058116226
0 0.8497109375000002 0.5298797595190381 0.044390625 0.01879759519038076
0 0.7599140625 0.4528356713426853 0.068578125 0.14843687374749495
0 0.8327734375000001 0.44360721442885764 0.06192187500000001 0.13543086172344687
0 0.5734296875 0.46373747494989975 0.030671875 0.012925851703406812
0 0.46511718750000003 0.45865731462925846 0.13092187500000002 0.2179959919839679
0 0.9381015625 0.46894789579158314 0.041546875000000004 0.0077555110220440876
0 0.704984375 0.46550100200400796 0.025374999999999998 0.005751503006012024
