0 0.1527109375 0.8158478260869566 0.089984375 0.20152173913043478
0 0.380859375 0.4728695652173913 0.094375 0.9408695652173913
0 0.27508593750000004 0.7385869565217391 0.12054687500000001 0.41160869565217395
0 0.518203125 0.8359782608695653 0.0865625 0.19134782608695652
0 0.7836015625 0.8196739130434783 0.082171875 0.1958695652173913
0 0.6412031250000001 0.8037391304347826 0.07628125000000001 0.21617391304347827
0 0.9142421875000001 0.5 0.171515625 1.0
0 0.06743750000000001 0.5017173913043479 0.13309375 0.9654347826086958
0 0.4344921875 0.8068695652173913 0.057484375000000004 0.12347826086956522
0 0.134375 0.7106739130434784 0.06565625000000001 0.10178260869565217
0 0.33078906250000006 0.7345 0.033671875000000004 0.3021304347826087
0 0.7276015625000001 0.8103260869565218 0.046828125 0.16656521739130437
