0 0.5187578125 0.7247189695550351 0.20389062500000002 0.45618266978922717
0 0.8353671875 0.8274121779859485 0.22992187500000003 0.11627634660421546
0 0.8328515625 0.9746018735362998 0.15060937500000002 0.027096018735363
0 0.646703125 0.7541217798594848 0.048468750000000005 0.026276346604215458
0 0.9313281250000002 0.7950351288056206 0.070125 0.022060889929742387
0 0.311859375 0.7550468384074941 0.06596875 0.04044496487119438
0 0.17878125 0.7607259953161593 0.0349375 0.0219672131147541
0 0.227453125 0.765105386416862 0.057375 0.018313817330210775
0 0.05178125 0.7737119437939111 0.053625000000000006 0.012903981264637002
0 0.5153671875 0.7476932084309134 0.032640625 0.04597189695550351
0 0.9214765625000001 0.7462997658079624 0.035359375 0.01826697892271663
0 0.9221406249999999 0.9302459016393443 0.15396875000000002 0.13950819672131148
0 0.269671875 0.9535948477751757 0.12871875 0.09281030444964872
0 0.5 0.8348946135831382 0.9968750000000001 0.2224824355971897
