0 0.7547734374999999 0.8790070921985815 0.16748437500000002 0.24198581560283686
0 0.6902187500000001 0.7034751773049646 0.07006250000000001 0.10425531914893617
0 0.6845859375000001 0.7054609929078014 0.061203125000000004 0.04936170212765957
0 0.35734375 0.8742907801418439 0.08128125000000001 0.16361702127659575
0 0.40903125000000007 0.7293262411347519 0.07787500000000001 0.4105673758865248
0 0.4509765625 0.8182978723404256 0.087015625 0.14468085106382977
0 0.5285390625 0.7166666666666667 0.036890625 0.05985815602836879
0 0.31762500000000005 0.7342907801418439 0.043875 0.09283687943262411
0 0.28328125 0.7621985815602836 0.03459375 0.09673758865248228
0 0.48257031250000004 0.7565957446808511 0.058890625 0.10609929078014185
0 0.5531953125 0.6689007092198581 0.050484375000000005 0.06177304964539008
0 0.8666171875 0.7910283687943263 0.055546874999999996 0.054680851063829784
0 0.6059375 0.6237234042553191 0.0248125 0.043191489361702126
0 0.609375 0.7269503546099291 0.43125 0.3475177304964539
