0 0.34184374999999995 0.7243046875000001 0.6639791666666666 0.332859375
0 0.8996770833333334 0.43348437500000003 0.20064583333333333 0.1308125
0 0.18412499999999998 0.3657109375 0.064125 0.032171875
0 0.27427083333333335 0.3641796875 0.11891666666666666 0.034765625
0 0.50371875 0.37247656250000005 0.08327083333333334 0.022515625
0 0.6944374999999999 0.37103125000000003 0.058583333333333334 0.01953125
0 0.050812500000000003 0.354734375 0.09895833333333333 0.03871875
0 0.3841354166666666 0.371734375 0.10297916666666666 0.024125
0 0.6554479166666667 0.37427343750000003 0.0445625 0.014890625
0 0.6241354166666667 0.37478906250000005 0.024354166666666666 0.012890625000000001
0 0.587875 0.3757109375 0.051875 0.011359375
0 0.206125 0.33596875 0.109125 0.01878125
0 0.4411354166666666 0.3658671875 0.051354166666666666 0.022046875
0 0.425 0.34687500000000004 0.8458333333333333 0.07500000000000001
