0 0.738171875 0.5056145833333333 0.042625 0.0329375
0 0.5302734375 0.5050833333333333 0.033421875000000004 0.015375
0 0.4063984375 0.5015729166666667 0.046671875 0.042770833333333334
0 0.5833750000000001 0.5184895833333333 0.0363125 0.012479166666666666
0 0.31740625 0.49627083333333327 0.0266875 0.012166666666666666
0 0.8573828124999999 0.5154270833333333 0.022828125 0.012354166666666666
0 0.9121796875 0.5127708333333333 0.025109375000000003 0.013583333333333333
0 0.27565625000000005 0.51178125 0.048218750000000005 0.017020833333333332
0 0.9703359375 0.51125 0.014359375 0.008958333333333332
0 0.862546875 0.49945833333333334 0.02115625 0.010958333333333332
0 0.3258828125 0.49394791666666665 0.006515625000000001 0.004854166666666666
0 0.8872968750000001 0.49020833333333336 0.015093750000000001 0.008083333333333333
