0 0.2149609375 0.6740316205533596 0.08617187500000001 0.031067193675889327
0 0.27790624999999997 0.6651383399209486 0.06378125 0.039999999999999994
0 0.33687500000000004 0.6550296442687746 0.05559375 0.03839920948616601
0 0.4921875 0.6391205533596839 0.06559374999999999 0.027332015810276677
0 0.0552578125 0.6887252964426878 0.08585937500000002 0.04223320158102767
0 0.43307031249999994 0.6417885375494071 0.097171875 0.03946640316205533
0 0.524796875 0.6353754940711462 0.0676875 0.02968379446640316
0 0.5806640625 0.6236363636363635 0.127109375 0.03430830039525691
0 0.11002343749999999 0.6957015810276679 0.051171875000000006 0.016620553359683793
0 0.30517187500000004 0.6592588932806325 0.0499375 0.03476284584980237
