0 0.9379687500000001 0.2399787234042553 0.0584375 0.06829787234042553
0 0.8872734375000001 0.2234148936170213 0.056078125000000006 0.06474468085106383
0 0.8380781249999999 0.2168404255319149 0.05878125 0.050659574468085104
0 0.7935859375000001 0.20645744680851066 0.056203125 0.04997872340425532
0 0.299140625 0.10238297872340425 0.06671875000000001 0.04927659574468085
0 0.7544453125000001 0.20658510638297872 0.055390625000000006 0.036702127659574466
0 0.3535546875 0.12569148936170213 0.044828125 0.02551063829787234
0 0.43407812500000004 0.14463829787234045 0.026625 0.018468085106382977
0 0.4542109375 0.10440425531914894 0.073015625 0.02974468085106383
0 0.6452421875000001 0.07475531914893617 0.087859375 0.023000000000000003
0 0.9767890625 0.2543617021276596 0.046421875 0.052936170212765955
0 0.53125 0.11754255319148936 0.0734375 0.029851063829787233
0 0.7952109375 0.2149255319148936 0.055328125 0.0418936170212766
0 0.51328125 0.16276595744680852 0.06406250000000001 0.03617021276595745
