0 0.8625390625000002 0.7348484848484849 0.117828125 0.26363636363636367
0 0.9442578125000001 0.6948737373737375 0.08223437500000001 0.06681818181818183
0 0.660375 0.596489898989899 0.04540625 0.182979797979798
0 0.55653125 0.7385353535353536 0.06253125000000001 0.04424242424242424
0 0.38700781250000005 0.8120959595959597 0.11010937500000001 0.07631313131313132
0 0.445734375 0.6983838383838383 0.04515625 0.062020202020202024
0 0.20254687500000002 0.7375505050505051 0.04928125 0.021363636363636366
0 0.1585234375 0.7002020202020202 0.021796875 0.033535353535353536
0 0.135484375 0.6742929292929293 0.017875 0.03444444444444445
0 0.252421875 0.6459848484848485 0.05756250000000001 0.25873737373737377
0 0.520390625 0.587979797979798 0.03409375 0.14424242424242426
0 0.41403124999999996 0.6480050505050506 0.0246875 0.02914141414141414
0 0.7740312500000001 0.5938888888888889 0.0538125 0.13616161616161618
0 0.87265625 0.6035353535353536 0.1390625 0.196969696969697
