0 0.5752187500000001 0.35629896907216496 0.053437500000000006 0.03296907216494845
0 0.50290625 0.31527835051546393 0.10709375000000002 0.05962886597938145
0 0.4227734375 0.2994948453608247 0.056328125 0.03647422680412372
0 0.3870703125 0.29349484536082476 0.034671875000000005 0.030000000000000002
0 0.9017031249999999 0.3698969072164949 0.19659375 0.11971134020618557
0 0.276328125 0.47411340206185565 0.23871875 0.2678556701030928
0 0.6965234375 0.3595463917525773 0.23792187500000003 0.09191752577319587
0 0.280078125 0.3370618556701031 0.04540625 0.029958762886597937
0 0.3148828125 0.34083505154639177 0.034515625 0.03152577319587629
0 0.3559296875 0.2967216494845361 0.018296875 0.00511340206185567
0 0.26232812499999997 0.314701030927835 0.0744375 0.043175257731958766
0 0.27110937500000004 0.28800000000000003 0.040781250000000005 0.01777319587628866
0 0.0839140625 0.7224123711340207 0.167828125 0.32008247422680414
