0 0.8887499999999999 0.5227291666666667 0.217875 0.08804166666666666
0 0.7245078125000001 0.5634791666666668 0.11310937500000001 0.043166666666666666
0 0.9841406250000001 0.45909375 0.031718750000000004 0.04035416666666667
0 0.3271796875 0.4661770833333333 0.036640625 0.034770833333333334
0 0.442375 0.44618749999999996 0.0235 0.013166666666666667
0 0.9435078124999999 0.45305208333333336 0.071640625 0.04022916666666666
0 0.7927109375000001 0.46917708333333336 0.058921875000000005 0.021229166666666667
0 0.7961796875 0.44038541666666664 0.040359375 0.01964583333333333
0 0.36385937500000004 0.44353124999999993 0.047375 0.0226875
0 0.499640625 0.39335416666666667 0.03871875 0.10066666666666667
0 0.6283046875 0.4476770833333333 0.043109375000000005 0.04002083333333333
0 0.54071875 0.43138541666666663 0.05440625 0.03352083333333333
0 0.7597499999999999 0.442125 0.0621875 0.020458333333333335
0 0.515625 0.453125 0.80625 0.08541666666666667
