0 0.42690625000000004 0.7954722222222222 0.13031250000000003 0.08133333333333334
0 0.15667968750000003 0.8085 0.109359375 0.057611111111111106
0 0.1633203125 0.7684166666666666 0.094796875 0.0575
0 0.21589062500000003 0.7320138888888889 0.08471875000000001 0.04402777777777778
0 0.25559375 0.6954305555555557 0.08075 0.052361111111111115
0 0.292875 0.6475416666666667 0.07112500000000001 0.061638888888888896
0 0.6816015625 0.784986111111111 0.10720312500000001 0.08241666666666668
0 0.6927968750000001 0.6675416666666668 0.07162500000000001 0.03169444444444445
0 0.6895546875 0.6427222222222223 0.06751562500000001 0.031000000000000003
0 0.68321875 0.6217916666666667 0.04646875 0.015361111111111112
0 0.46409374999999997 0.724 0.10478125 0.0633888888888889
0 0.47605468749999996 0.6787777777777778 0.08114062500000001 0.03883333333333334
0 0.5221640625 0.6061111111111112 0.049640625 0.03955555555555556
0 0.496875 0.7263888888888889 0.99375 0.5416666666666667
