0 0.073609375 0.7891784037558686 0.05756250000000001 0.06136150234741784
0 0.172359375 0.7395305164319248 0.07765625000000001 0.22253521126760564
0 0.2856328125 0.8049061032863851 0.143171875 0.1328169014084507
0 0.42053125 0.8281807511737089 0.13693750000000002 0.13124413145539907
0 0.7371484375 0.8047887323943663 0.32892187500000003 0.16830985915492958
0 0.63378125 0.5216901408450705 0.0291875 0.016150234741784036
0 0.56625 0.4454460093896713 0.02465625 0.0072300469483568075
0 0.4395156250000001 0.5474647887323943 0.0308125 0.0123943661971831
0 0.4038593750000001 0.5574178403755868 0.0223125 0.013708920187793428
0 0.1519453125 0.684143192488263 0.045453125000000004 0.08964788732394366
0 0.21215625000000002 0.716244131455399 0.0375625 0.03563380281690141
0 0.6573046875 0.5142840375586855 0.032671875 0.017582159624413146
0 0.9203515625000002 0.642793427230047 0.029109375 0.019061032863849765
0 0.3921875 0.5868544600938967 0.78125 0.568075117370892
