0 0.6086328125 0.6378922716627634 0.6179218750000001 0.6171896955503513
0 0.5693671875 0.3186885245901639 0.21570312500000002 0.23681498829039813
0 0.8695859375 0.31648711943793906 0.164921875 0.2157377049180328
0 0.41896875 0.21736533957845433 0.0724375 0.10269320843091335
0 0.16602343750000004 0.2115925058548009 0.073859375 0.11540983606557377
0 0.344390625 0.20631147540983608 0.046062500000000006 0.07098360655737705
0 0.502484375 0.17152224824355974 0.056843750000000005 0.07227166276346604
0 0.7093515625000001 0.17844262295081967 0.069140625 0.09992974238875879
0 0.040617187500000006 0.14361826697892272 0.08123437500000001 0.11964871194379392
0 0.013078125 0.2141686182669789 0.02615625 0.08426229508196721
0 0.3161640625 0.20162763466042155 0.027609375000000005 0.04283372365339578
0 0.240765625 0.2265222482435597 0.11712499999999999 0.12400468384074942
