0 0.5771799999999999 0.8052252252252252 0.26856 0.38954954954954957
0 0.42622000000000004 0.5724024024024025 0.13436 0.10858858858858858
0 0.31914 0.7997447447447448 0.32948000000000005 0.4005105105105105
0 0.56763 0.41693693693693695 0.045020000000000004 0.021501501501501503
0 0.56484 0.45630630630630636 0.0728 0.059639639639639634
0 0.52639 0.5852552552552552 0.09437999999999999 0.10042042042042042
0 0.6413000000000001 0.6258108108108108 0.09016 0.14705705705705704
0 0.6730799999999999 0.5019219219219219 0.0636 0.14066066066066066
0 0.9370900000000001 0.3508858858858859 0.03642 0.022192192192192192
0 0.62146 0.36525525525525526 0.04592 0.04672672672672673
0 0.6198300000000001 0.4195945945945946 0.048780000000000004 0.0493993993993994
0 0.51112 0.5344144144144144 0.05988 0.05903903903903904
