0 0.9254938271604938 0.3335625 0.14393298059964726 0.064875
0 0.8222134038800705 0.32307812500000005 0.08682539682539682 0.08912500000000001
0 0.7639770723104056 0.32717968750000004 0.05613756613756613 0.028421875000000003
0 0.571005291005291 0.293953125 0.03072310405643739 0.0573125
0 0.4941622574955908 0.25446874999999997 0.03915343915343915 0.10149999999999999
0 0.555299823633157 0.279125 0.03328042328042328 0.07471875
0 0.7002733686067019 0.266421875 0.056596119929453265 0.080125
0 0.6685802469135802 0.2716875 0.03670194003527336 0.06659375
0 0.8718959435626101 0.2841875 0.05433862433862433 0.014624999999999999
0 0.9626366843033508 0.3008515625 0.07472663139329805 0.031265625000000005
0 0.7954673721340387 0.2879296875 0.024479717813051145 0.006578125000000001
0 0.4410846560846561 0.2904921875 0.03352733686067019 0.025390625
