0 0.31229687500000003 0.7215303738317757 0.13546875 0.05408878504672896
0 0.4652890625000001 0.6560280373831775 0.193390625 0.09621495327102803
0 0.58703125 0.6384813084112149 0.16196875 0.1322429906542056
0 0.6397265625 0.6172429906542056 0.17514062500000002 0.10761682242990654
0 0.08190625000000001 0.7707827102803737 0.15478125 0.08091121495327103
0 0.46113281250000004 0.44219626168224296 0.15442187500000001 0.3143457943925233
0 0.24235937500000004 0.5866588785046729 0.3765625 0.07032710280373831
0 0.3374296875 0.6663084112149532 0.360015625 0.1391588785046729
0 0.12737500000000002 0.7279789719626167 0.24587500000000004 0.07661214953271027
0 0.6909140625000001 0.5879672897196261 0.096046875 0.08327102803738318
0 0.303296875 0.5438668224299065 0.16943750000000002 0.07427570093457943
0 0.11360937500000001 0.7349065420560746 0.15165625000000002 0.06985981308411214
0 0.209125 0.612464953271028 0.16262500000000002 0.09647196261682242
0 0.35000000000000003 0.3796728971962616 0.696875 0.6985981308411214
