0 0.5264453125 0.6067277486910996 0.061109375 0.17115183246073298
0 0.4565703125 0.616151832460733 0.052421875 0.15209424083769635
0 0.33706250000000004 0.8270942408376963 0.2328125 0.3458115183246073
0 0.6025156250000001 0.6213612565445027 0.07196875000000001 0.19068062827225132
0 0.41016406250000004 0.5832984293193717 0.072078125 0.18481675392670158
0 0.6789375 0.6474869109947644 0.0656875 0.15801047120418849
0 0.8798671875 0.6583507853403142 0.120609375 0.1941884816753927
0 0.2449375 0.8369895287958116 0.26053125000000005 0.324869109947644
0 0.11796875000000001 0.7277486910994765 0.19687500000000002 0.2198952879581152
0 0.770265625 0.9166230366492149 0.18165625000000002 0.1667539267015707
0 0.278125 0.6268848167539268 0.20253125000000002 0.25219895287958116
0 0.9566718750000001 0.4217801047120419 0.08665625 0.6934031413612566
0 0.7520000000000001 0.6521204188481675 0.083375 0.16413612565445027
