0 0.712640625 0.752576112412178 0.4633125 0.2932552693208431
0 0.3995703125 0.7423770491803279 0.073140625 0.08545667447306791
0 0.27321875 0.7432903981264638 0.065375 0.08770491803278689
0 0.15774218750000002 0.7611241217798594 0.058953124999999995 0.04978922716627635
0 0.4602109375000001 0.7524355971896955 0.062046875 0.054098360655737705
0 0.036250000000000004 0.723559718969555 0.07140625 0.12501170960187355
0 0.10032812500000002 0.7776932084309133 0.00996875 0.01459016393442623
0 0.21248437500000003 0.7664051522248243 0.0543125 0.03871194379391101
0 0.12182812500000001 0.7639110070257611 0.030218750000000003 0.04730679156908665
0 0.07796093750000001 0.7728220140515223 0.017546875 0.03046838407494145
