0 0.8262968749999999 0.5662295081967214 0.018468750000000003 0.012224824355971897
0 0.5766640625 0.5741569086651054 0.020421875000000003 0.04447306791569086
0 0.2515234375 0.6022833723653396 0.025921875 0.0485480093676815
0 0.1839140625 0.6155386416861827 0.016734375000000003 0.031967213114754096
0 0.9304453125000001 0.5513700234192037 0.034671875000000005 0.017681498829039813
0 0.224328125 0.6134660421545669 0.00965625 0.02740046838407494
0 0.59621875 0.5885714285714285 0.0144375 0.006276346604215457
0 0.47442968750000003 0.595983606557377 0.010359375 0.006768149882903982
0 0.6276640625000001 0.5719320843091334 0.012609375 0.03079625292740047
0 0.562421875 0.597599531615925 0.02715625 0.01028103044496487
0 0.42975781250000006 0.5942622950819673 0.014609375 0.027681498829039815
