0 0.1886640625 0.6203194444444444 0.24539062500000003 0.11780555555555555
0 0.554671875 0.6493333333333334 0.12634375 0.1175
0 0.8101328125 0.5392638888888889 0.068609375 0.03613888888888889
0 0.5741015625 0.5792222222222222 0.046734375 0.052166666666666674
0 0.52603125 0.5742916666666668 0.0469375 0.0638611111111111
0 0.46275 0.5715 0.051062500000000004 0.0633888888888889
0 0.643015625 0.5888194444444445 0.05846875000000001 0.07847222222222222
0 0.9610859375 0.5887222222222223 0.07782812500000001 0.03372222222222222
0 0.3925937500000001 0.557125 0.08259375000000001 0.06491666666666668
0 0.38017187500000005 0.6313611111111112 0.08712500000000001 0.11272222222222222
0 0.38268750000000007 0.4634444444444445 0.06381250000000001 0.05638888888888889
0 0.8466171875000001 0.5328611111111111 0.086703125 0.035333333333333335
0 0.9537031250000001 0.5338750000000001 0.09259375 0.029083333333333336
0 0.390625 0.4625 0.553125 0.08055555555555556
