0 0.3447890625000001 0.679192037470726 0.49254687500000005 0.4004449648711944
0 0.547609375 0.5197072599531616 0.23190624999999998 0.1669086651053864
0 0.6610625 0.4947072599531616 0.174375 0.1277751756440281
0 0.7270234375000001 0.4439461358313817 0.215421875 0.14348946135831384
0 0.7999921875 0.41495316159250584 0.222796875 0.12531615925058548
0 0.8730234375000001 0.3935831381733021 0.230765625 0.1277751756440281
0 0.4469765625 0.3655386416861826 0.230671875 0.09430913348946136
0 0.5459531249999999 0.3527400468384075 0.1775625 0.09072599531615926
0 0.2587421875 0.29030444964871194 0.098828125 0.07639344262295081
0 0.64025 0.3481850117096019 0.20846874999999998 0.06601873536299765
0 0.3766328125 0.4115690866510539 0.23029687499999998 0.19372365339578454
0 0.09824218750000001 0.2919672131147541 0.140359375 0.10927400468384074
0 0.316515625 0.27932084309133487 0.07990625000000001 0.07859484777517566
0 0.28403125 0.4532669789227166 0.1943125 0.13749414519906322
0 0.48671875000000003 0.29508196721311475 0.9734375000000001 0.5901639344262295
