0 0.9423203125000001 0.3405769230769231 0.038609375 0.02246606334841629
0 0.98475 0.3475565610859728 0.0305 0.01660633484162896
0 0.71703125 0.33486425339366516 0.0205625 0.013348416289592761
0 0.8901249999999999 0.3354524886877829 0.01053125 0.01407239819004525
0 0.8271875 0.33599547511312217 0.013218750000000001 0.010814479638009052
0 0.820171875 0.33093891402714937 0.01928125 0.0065837104072398196
0 0.793421875 0.32506787330316744 0.011875 0.004615384615384616
0 0.74340625 0.32790723981900455 0.0104375 0.011334841628959277
0 0.5790000000000001 0.3287217194570136 0.0062812499999999995 0.009298642533936653
0 0.5348203125000001 0.3268212669683258 0.0074218750000000005 0.008393665158371042
0 0.5598203125000001 0.33541855203619914 0.012265625 0.0028280542986425343
0 0.44062500000000004 0.3269230769230769 0.253125 0.0248868778280543
