0 0.62006 0.5440592783505155 0.41596 0.4812628865979381
0 0.78773 0.49101804123711335 0.42454000000000003 0.3572938144329897
0 0.37839999999999996 0.28706185567010306 0.12340000000000001 0.12226804123711339
0 0.21964 0.6543685567010309 0.43928 0.6912628865979381
0 0.85803 0.401159793814433 0.28394 0.21422680412371134
0 0.49787000000000003 0.27324742268041236 0.11698 0.10768041237113402
0 0.66309 0.22592783505154637 0.10138 0.0718041237113402
0 0.23827999999999996 0.16936855670103093 0.06872 0.054149484536082475
0 0.26382 0.2948582474226804 0.1522 0.13786082474226805
0 0.9589300000000001 0.3233891752577319 0.08214 0.09894329896907217
0 0.59112 0.21554123711340203 0.11495999999999999 0.22123711340206187
0 0.90144 0.25743556701030923 0.19712000000000002 0.10981958762886597
0 0.623 0.22938144329896906 0.674 0.211340206185567
