0 0.7334453125 0.723888888888889 0.098671875 0.03827777777777778
0 0.9124609375000001 0.6667083333333333 0.052828125000000004 0.03325
0 0.8683437500000001 0.7167361111111111 0.10043750000000001 0.06475
0 0.653609375 0.6518333333333334 0.04671875 0.030166666666666665
0 0.5363359375 0.6965416666666667 0.068484375 0.05136111111111111
0 0.47009375000000003 0.7076666666666668 0.08259375000000001 0.038111111111111116
0 0.3781171875 0.7454027777777777 0.09498437500000001 0.04041666666666667
0 0.24434375 0.7347777777777779 0.08021875 0.04083333333333333
0 0.56259375 0.6758611111111111 0.10600000000000001 0.05483333333333333
0 0.6980859375000001 0.6731527777777778 0.032921875 0.05413888888888889
0 0.7470078125 0.6665694444444444 0.079484375 0.1086388888888889
0 0.9317656250000002 0.7217777777777777 0.044562500000000005 0.02672222222222222
0 0.942421875 0.7025 0.0985625 0.035055555555555555
0 0.5578125 0.6805555555555556 0.6125 0.15555555555555556
