0 0.448734375 0.7577347417840377 0.6072812500000001 0.4561737089201878
0 0.7288515625 0.7910211267605635 0.542296875 0.4089906103286385
0 0.25520312500000003 0.7423708920187794 0.5104062500000001 0.46413145539906103
0 0.126390625 0.6404577464788732 0.25278125 0.42697183098591546
0 0.72096875 0.5411971830985915 0.41284375000000006 0.2067605633802817
0 0.7905234375000001 0.32359154929577466 0.294671875 0.2786384976525822
0 0.46471875000000007 0.26390845070422536 0.33940625 0.27762910798122065
0 0.8899921875000001 0.10336854460093897 0.191453125 0.1797887323943662
0 0.32510937500000003 0.08095070422535211 0.12240625000000001 0.14030516431924883
0 0.87228125 0.5944131455399061 0.2554375 0.21840375586854463
0 0.9174531250000002 0.40123239436619723 0.16509375 0.2197417840375587
0 0.37369531250000004 0.23699530516431927 0.356390625 0.1871830985915493
0 0.62425 0.3013380281690141 0.34218750000000003 0.2759154929577465
0 0.49921875000000004 0.31690140845070425 0.9984375000000001 0.6338028169014085
