0 0.41846875 0.4376346604215457 0.1675 0.11358313817330211
0 0.2553359375 0.20741217798594846 0.461265625 0.3160421545667447
0 0.6266875000000001 0.1723536299765808 0.31903125000000004 0.24433255269320842
0 0.1639140625 0.5851873536299765 0.192734375 0.13829039812646368
0 0.6622343750000002 0.7858899297423889 0.61765625 0.3564168618266979
0 0.8956796875 0.38507025761124125 0.20864062500000002 0.22892271662763466
0 0.5642265625 0.8160421545667448 0.630953125 0.3382669789227166
0 0.9545859375000001 0.27637002341920375 0.09082812500000001 0.09395784543325526
0 0.84303125 0.6028805620608899 0.3139375 0.2017330210772834
0 0.36584375 0.17804449648711942 0.50615625 0.35585480093676813
0 0.719921875 0.7308665105386418 0.56015625 0.3407494145199063
0 0.1136875 0.5500351288056207 0.21403125 0.21552693208430915
0 0.528734375 0.18478922716627635 0.342 0.2727166276346604
0 0.625 0.3840749414519906 0.7468750000000001 0.7634660421545667
