0 0.5375234375 0.9354583333333334 0.173859375 0.12908333333333333
0 0.559359375 0.6858333333333333 0.06209375 0.02245833333333333
0 0.2784453125 0.6653333333333333 0.08264062500000001 0.020041666666666666
0 0.3620390625 0.9 0.28332812500000004 0.19012500000000002
0 0.11961718750000001 0.9525520833333333 0.220703125 0.09489583333333333
0 0.7923671875 0.9238229166666666 0.209984375 0.09522916666666667
0 0.6478125000000001 0.8989583333333333 0.12531250000000002 0.11562499999999999
0 0.9290312500000001 0.8472083333333333 0.09178125000000001 0.08041666666666666
0 0.774515625 0.8611458333333333 0.15800000000000003 0.10995833333333334
0 0.7840703125 0.9696979166666667 0.17604687500000002 0.06060416666666667
0 0.5880078125000001 0.8414270833333333 0.09345312500000001 0.07114583333333332
0 0.865609375 0.8894166666666666 0.06578125 0.071125
0 0.9374609374999999 0.95603125 0.121265625 0.0644375
