0 0.74694 0.48992492492492495 0.12468000000000001 0.04411411411411411
0 0.64678 0.4645495495495495 0.06312 0.1397897897897898
0 0.3618 0.555870870870871 0.03616 0.04777777777777778
0 0.87463 0.41858858858858855 0.0375 0.03141141141141141
0 0.80929 0.3871171171171171 0.0253 0.06906906906906907
0 0.43457999999999997 0.41647147147147145 0.0546 0.08633633633633633
0 0.59326 0.3786036036036036 0.01676 0.016786786786786786
0 0.48642 0.3772672672672672 0.04308 0.05891891891891892
0 0.3647000000000001 0.3669069069069069 0.01808 0.028108108108108106
0 0.42925 0.3736186186186186 0.025500000000000002 0.018108108108108107
0 0.52035 0.39313813813813814 0.01098 0.01840840840840841
0 0.29562 0.37295795795795794 0.01716 0.007537537537537537
0 0.396 0.37537537537537535 0.032 0.036036036036036036
