0 0.44686718750000004 0.529225941422594 0.068453125 0.04267782426778242
0 0.310578125 0.5388912133891214 0.05278125 0.03874476987447698
0 0.1303828125 0.5401673640167364 0.085984375 0.04305439330543932
0 0.7467343750000001 0.4935983263598326 0.03975000000000001 0.10962343096234309
0 0.9552890625 0.5376046025104603 0.031890625 0.015502092050209203
0 0.8475781250000001 0.5386087866108786 0.041656250000000006 0.019728033472803344
0 0.6579296875 0.4810460251046025 0.048578125 0.13866108786610878
0 0.673828125 0.5200732217573222 0.04559375 0.06106694560669456
0 0.2092890625 0.4882845188284518 0.040109375 0.14740585774058576
0 0.33710937500000004 0.5374476987447698 0.016 0.017573221757322174
0 0.20890625 0.5401882845188284 0.040843750000000005 0.01594142259414226
0 0.874625 0.5361820083682008 0.03103125 0.016715481171548117
0 0.382765625 0.5708786610878662 0.02909375 0.005899581589958158
