0 0.5391015625 0.707599531615925 0.351390625 0.5848009367681499
0 0.8358437500000001 0.6112295081967213 0.3283125 0.3685480093676815
0 0.18141406250000003 0.6550585480093678 0.36282812500000006 0.465152224824356
0 0.11319531249999999 0.5048711943793911 0.225640625 0.2292271662763466
0 0.130515625 0.34526932084309137 0.15728125 0.07306791569086651
0 0.3416484375 0.33673302107728337 0.09395312500000001 0.06231850117096019
0 0.26846875 0.34100702576112407 0.073 0.06810304449648712
0 0.5117265625 0.3288758782201405 0.047546875 0.05718969555035129
0 0.4342265625000001 0.188711943793911 0.061703125000000004 0.3410304449648712
0 0.5878359375 0.3327400468384075 0.06035937500000001 0.05152224824355972
0 0.935390625 0.4116393442622951 0.12921875000000002 0.21353629976580799
0 0.0358203125 0.2620257611241218 0.071640625 0.17754098360655737
