0 0.3593046875 0.6792253521126761 0.112359375 0.1524413145539906
0 0.6305000000000001 0.5810446009389671 0.10721875000000002 0.12607981220657277
0 0.5375624999999999 0.4672065727699531 0.06806250000000001 0.17079812206572773
0 0.7495 0.5038732394366198 0.07415625 0.13586854460093897
0 0.6376875000000001 0.46166666666666667 0.06965625 0.11375586854460094
0 0.19232812500000002 0.4390492957746479 0.09443750000000001 0.19100938967136152
0 0.10921093750000002 0.5559272300469483 0.10317187500000001 0.129037558685446
0 0.592609375 0.31759389671361504 0.033625 0.2277699530516432
0 0.8464687500000001 0.48160798122065734 0.06871875 0.07227699530516432
0 0.8647812500000001 0.545962441314554 0.11978125 0.23741784037558686
0 0.3714375000000001 0.5592605633802816 0.10190625 0.12593896713615024
0 0.453828125 0.41854460093896717 0.05296875 0.040328638497652586
0 0.694171875 0.4440140845070423 0.05040625 0.04267605633802817
0 0.50390625 0.5293427230046949 0.9890625000000001 0.5845070422535211
