0 0.5465468750000001 0.43348946135831384 0.19975 0.11555035128805621
0 0.2395625 0.44074941451990635 0.174375 0.15100702576112413
0 0.4127109375 0.23176814988290398 0.161234375 0.46353629976580796
0 0.1281640625 0.37537470725995314 0.10785937500000001 0.10081967213114754
0 0.35666406250000005 0.3107142857142857 0.138953125 0.29159250585480095
0 0.8332578125000002 0.3114402810304449 0.04635937500000001 0.027798594847775172
0 0.60134375 0.3086182669789227 0.045375 0.01559718969555035
0 0.06727343750000002 0.35852459016393445 0.062921875 0.03925058548009368
0 0.1048125 0.3987470725995316 0.063 0.05355971896955504
0 0.1049609375 0.43831381733021074 0.127734375 0.0902576112412178
