0 0.8647265625 0.3619479166666667 0.029765625000000004 0.1343125
0 0.9479453124999999 0.4201354166666667 0.043859375000000006 0.025854166666666668
0 0.408515625 0.42693749999999997 0.064375 0.05120833333333333
0 0.9528984375 0.4081874999999999 0.020578125000000003 0.01475
0 0.2857578125 0.37528124999999996 0.138390625 0.0318125
0 0.9018046875 0.4198854166666667 0.04170312500000001 0.022229166666666668
0 0.233 0.5531041666666667 0.245125 0.09829166666666667
0 0.9703750000000002 0.43283333333333335 0.059250000000000004 0.026
0 0.5064140625000001 0.4192916666666666 0.09373437500000001 0.020833333333333332
0 0.2433515625 0.46804166666666663 0.331859375 0.11229166666666666
0 0.094015625 0.5467708333333333 0.1385625 0.07879166666666666
0 0.9772265625000002 0.4102395833333334 0.045546875 0.019354166666666665
0 0.0244140625 0.5963541666666666 0.048828125 0.17970833333333333
0 0.2890625 0.3927083333333333 0.34375 0.10208333333333333
