0 0.07474000000000001 0.48273333333333335 0.07484 0.18488
0 0.18195999999999998 0.5407733333333333 0.06772 0.03936
0 0.32709 0.5424933333333333 0.0359 0.018799999999999997
0 0.29858999999999997 0.53572 0.016059999999999998 0.012613333333333334
0 0.5195 0.52552 0.031039999999999998 0.012053333333333333
0 0.48957000000000006 0.5168133333333333 0.01582 0.021093333333333332
0 0.6002 0.51264 0.020280000000000003 0.009386666666666666
0 0.64959 0.5227866666666667 0.01722 0.012986666666666667
0 0.5505 0.4982533333333334 0.027760000000000003 0.046746666666666666
0 0.23518 0.5184666666666666 0.01736 0.012026666666666666
0 0.30105000000000004 0.49522666666666665 0.02214 0.08245333333333334
0 0.19576 0.5131333333333333 0.01712 0.013306666666666666
0 0.42863 0.51244 0.02518 0.01965333333333333
0 0.176 0.5386666666666666 0.336 0.07466666666666666
