0 0.623703125 0.35537499999999994 0.1345 0.06745833333333334
0 0.375 0.41475 0.06237500000000001 0.06966666666666665
0 0.23869531250000003 0.37937499999999996 0.138203125 0.07370833333333333
0 0.7811796875000001 0.46067708333333335 0.31179687500000003 0.11685416666666668
0 0.825203125 0.34622916666666664 0.028281250000000004 0.028958333333333332
0 0.49861718750000006 0.33742708333333327 0.06007812500000001 0.04172916666666667
0 0.8804453125 0.37523958333333335 0.080828125 0.0576875
0 0.46656250000000005 0.36473958333333334 0.02140625 0.0340625
0 0.42689843750000006 0.3388333333333333 0.043078125 0.03937499999999999
0 0.28364062500000004 0.5918333333333334 0.5672812500000001 0.2587083333333333
0 0.3898203125 0.7543124999999999 0.775921875 0.4469166666666667
0 0.5418593749999999 0.338875 0.02953125 0.039875
0 0.48359375000000004 0.353125 0.9546875 0.11875
