0 0.6403046875 0.8525586854460094 0.12210937500000002 0.13422535211267606
0 0.9314921875 0.711924882629108 0.035921875 0.018169014084507044
0 0.6209062500000001 0.6886502347417841 0.0194375 0.014718309859154928
0 0.7623671875 0.8372183098591549 0.104796875 0.11011737089201877
0 0.8988984375000002 0.6997300469483569 0.022140625 0.023685446009389672
0 0.9955390625 0.7183568075117372 0.008921875000000001 0.01812206572769953
0 0.5940546875 0.6933450704225351 0.035140625 0.01096244131455399
0 0.5552343750000001 0.6851760563380281 0.0106875 0.011666666666666667
0 0.72075 0.8689084507042254 0.06428125 0.07762910798122066
0 0.8260625000000001 0.6864201877934273 0.0271875 0.011666666666666667
0 0.5096250000000001 0.6942723004694837 0.023781250000000004 0.013943661971830987
0 0.7555468750000001 0.6877230046948356 0.015 0.01704225352112676
