0 0.7060859375 0.7075104166666666 0.12289062500000002 0.14177083333333332
0 0.516578125 0.72246875 0.12303125 0.056187499999999994
0 0.67671875 0.6179375 0.06565625000000001 0.04291666666666667
0 0.32634375000000004 0.6934479166666667 0.11571875000000001 0.0473125
0 0.6574765625000001 0.5666979166666666 0.069703125 0.028395833333333335
0 0.79259375 0.71234375 0.08146875 0.09135416666666667
0 0.7503125 0.5360729166666667 0.03103125 0.009645833333333333
0 0.9049375 0.549125 0.032125 0.04483333333333333
0 0.614546875 0.5548645833333333 0.068 0.034229166666666665
0 0.5615156250000001 0.5442291666666667 0.06806250000000001 0.028541666666666663
0 0.8712890625 0.5494375 0.031953125 0.0375
0 0.289296875 0.6888333333333334 0.09406250000000001 0.034791666666666665
0 0.5053984375000001 0.5459062499999999 0.05460937500000001 0.021895833333333333
0 0.8203125 0.5322916666666666 0.33437500000000003 0.07708333333333334
