0 0.6801953125 0.39319253438113944 0.15470312500000002 0.045913555992141454
0 0.6560078125 0.7104715127701374 0.016046875 0.04691552062868369
0 0.5870390625 0.24437131630648326 0.11864062500000001 0.04705304518664047
0 0.8181953125 0.5154715127701375 0.045640625000000004 0.022220039292730843
0 0.46992187500000004 0.1087721021611002 0.11646875000000001 0.024774066797642432
0 0.2798359375 0.053516699410609034 0.055046874999999995 0.01917485265225933
0 0.41575 0.03731827111984283 0.04121875 0.010510805500982316
0 0.8001171875000002 0.43672888015717093 0.029765625000000004 0.011611001964636542
0 0.171609375 0.18149312377210217 0.05071875000000001 0.02612966601178782
0 0.379546875 0.12128683693516698 0.048218750000000005 0.014833005893909625
0 0.34299999999999997 0.11845776031434184 0.029625000000000002 0.01742632612966601
0 0.4985078125 0.07873280943025539 0.045765625000000004 0.023398821218074656
0 0.1913203125 0.4670039292730845 0.025203125 0.028821218074656187
0 0.31328125 0.34577603143418467 0.5859375 0.6011787819253438
