0 0.858046875 0.4921650717703349 0.28390624999999997 0.3765311004784688
0 0.861703125 0.6119377990430622 0.17093750000000002 0.05483253588516747
0 0.813671875 0.5746052631578947 0.14540625000000001 0.07227272727272727
0 0.5906484375 0.35655502392344496 0.064671875 0.19894736842105262
0 0.544296875 0.43594497607655497 0.031187500000000003 0.03614832535885167
0 0.6677031250000001 0.4189832535885168 0.09928125 0.07547846889952153
0 0.26175781249999996 0.43882775119617223 0.051796875 0.05153110047846889
0 0.2023359375 0.4396052631578947 0.049234375000000004 0.04456937799043062
0 0.11010937500000001 0.44673444976076554 0.08178125000000001 0.045
0 0.49940625000000005 0.42004784688995217 0.06325 0.06306220095693779
0 0.5160859375000001 0.6924282296650716 0.10920312500000001 0.11648325358851673
0 0.6853750000000001 0.7980143540669856 0.4257500000000001 0.372822966507177
0 0.03315625 0.4297846889952153 0.04659375 0.06564593301435406
0 0.23750000000000002 0.6997607655502392 0.47500000000000003 0.5956937799043062
