0 0.366296875 0.5602962085308058 0.07375000000000001 0.04921800947867299
0 0.1274296875 0.5653199052132701 0.085953125 0.056184834123222754
0 0.29500000000000004 0.5032109004739337 0.098125 0.15537914691943128
0 0.5899296875000001 0.5824881516587678 0.021046875000000003 0.01109004739336493
0 0.8743906250000001 0.5162559241706162 0.0385625 0.09293838862559242
0 0.5215390625 0.5731635071090048 0.085515625 0.03182464454976303
0 0.6731484375000001 0.5306872037914692 0.10201562500000001 0.1128436018957346
0 0.944484375 0.5076658767772513 0.07650000000000001 0.13765402843601898
0 0.5578984375 0.5213270142180095 0.09117187500000001 0.10644549763033176
0 0.7782265625 0.48073459715639816 0.08792187500000001 0.1975355450236967
0 0.4031640625000001 0.5488388625592417 0.04454687500000001 0.03696682464454976
