0 0.5171953125000001 0.7606380510440834 0.08642187500000001 0.08206496519721576
0 0.6911406250000001 0.7235498839907193 0.09425 0.05935034802784222
0 0.639890625 0.6697215777262181 0.06865625 0.014663573085846867
0 0.27780468750000004 0.7053480278422274 0.043796875000000006 0.03296983758700696
0 0.2503046875 0.6843039443155451 0.028109375 0.018120649651972156
0 0.57875 0.7300928074245939 0.08084375 0.0774477958236659
0 0.7844921875 0.6786890951276101 0.039484375 0.01691415313225058
0 0.8114531250000001 0.7679002320185615 0.15962500000000002 0.09877030162412993
0 0.490078125 0.6899187935034803 0.0269375 0.028979118329466355
0 0.9367109375 0.7410324825986079 0.126578125 0.0717169373549884
0 0.7245390625000001 0.6800348027842228 0.038421875 0.013805104408352668
0 0.6924453125000001 0.6771229698375869 0.040546875 0.015452436194895591
0 0.5515703125 0.679721577726218 0.030140625 0.029095127610208812
