0 0.2873203125 0.7462997658079625 0.568671875 0.20805620608899297
0 0.22855468749999996 0.6739110070257611 0.44692187499999997 0.1637002341920375
0 0.1919609375 0.6285831381733021 0.377734375 0.12929742388758783
0 0.2618515625 0.5653747072599532 0.151578125 0.053653395784543326
0 0.17060156250000003 0.5639812646370024 0.23789062500000002 0.09508196721311475
0 0.7703359375000001 0.4857142857142857 0.14445312500000002 0.056580796252927404
0 0.058554687499999994 0.539320843091335 0.103765625 0.03522248243559719
0 0.109578125 0.6096604215456675 0.10584375 0.056370023419203746
0 0.185390625 0.5195667447306791 0.10684375 0.028969555035128804
0 0.9255468750000001 0.4107142857142857 0.1131875 0.09004683840749415
0 0.06124218749999999 0.5250468384074942 0.117296875 0.03388758782201405
