0 0.15217968750000002 0.17528103044496487 0.049484375000000004 0.022459016393442624
0 0.32634375 0.17470725995316158 0.04328125 0.017892271662763467
0 0.556984375 0.15613583138173304 0.05240625 0.02946135831381733
0 0.8451796874999999 0.15898126463700235 0.076515625 0.017259953161592505
0 0.40934375000000006 0.1601053864168618 0.039218750000000004 0.04288056206088993
0 0.6956171875000001 0.1598360655737705 0.05851562500000001 0.02257611241217799
0 0.8725156250000001 0.07982435597189695 0.025656250000000005 0.03529274004683841
0 0.11696875000000001 0.13553864168618268 0.08468750000000001 0.0246135831381733
0 0.085 0.10050351288056206 0.17 0.07365339578454333
0 0.916046875 0.07701405152224824 0.058937500000000004 0.03744730679156909
0 0.7164218750000001 0.09238875878220142 0.030375000000000003 0.012646370023419205
0 0.4028125 0.09742388758782201 0.014656250000000003 0.017189695550351287
0 0.32689062500000005 0.10877049180327869 0.03375 0.030327868852459014
