0 0.9230859375 0.7932867132867133 0.152640625 0.10172494172494173
0 0.7847968750000001 0.7910139860139861 0.17171875000000003 0.10337995337995338
0 0.6261171875000001 0.7564219114219114 0.136265625 0.16454545454545455
0 0.46764843749999996 0.767972027972028 0.09948437500000001 0.13421911421911423
0 0.9754921875 0.6947902097902098 0.04901562500000001 0.024685314685314683
0 0.5559687500000001 0.6985198135198135 0.05146875 0.017086247086247085
0 0.50009375 0.6937062937062938 0.04650000000000001 0.02041958041958042
0 0.041765625 0.761958041958042 0.08353125 0.1131934731934732
0 0.059453124999999996 0.6831118881118882 0.06403125 0.04142191142191142
0 0.9274140625000001 0.6965384615384616 0.017453125 0.015361305361305361
0 0.6241640625000001 0.6956060606060606 0.041578125 0.02337995337995338
0 0.8218593750000001 0.6912354312354313 0.04221875 0.032867132867132866
0 0.9166796875000002 0.700932400932401 0.018703125 0.01393939393939394
