0 0.697171875 0.8966276346604216 0.5847187500000001 0.16627634660421545
0 0.2473828125 0.6988758782201405 0.353828125 0.11236533957845432
0 0.7001718750000001 0.9 0.57571875 0.15953161592505855
0 0.35431250000000003 0.601463700234192 0.24431250000000004 0.07969555035128806
0 0.08078125000000001 0.4901288056206089 0.13165625 0.0582903981264637
0 0.554484375 0.7218501170960188 0.3876875 0.10360655737704919
0 0.07825 0.5695433255269321 0.1565 0.11266978922716628
0 0.042578125 0.4314519906323185 0.08515625 0.05779859484777518
0 0.2223828125 0.5692622950819672 0.10014062500000001 0.07744730679156908
0 0.05125 0.714672131147541 0.1025 0.08747072599531616
