0 0.1691484375 0.7067446808510639 0.16007812500000002 0.3393191489361702
0 0.04708593750000001 0.610872340425532 0.09417187500000002 0.08595744680851064
0 0.700546875 0.7348297872340426 0.236 0.14382978723404255
0 0.529203125 0.5572234042553192 0.09809375000000001 0.07048936170212766
0 0.456875 0.47386170212765955 0.05940625000000001 0.19074468085106386
0 0.3920078125 0.472095744680851 0.069265625 0.07091489361702127
0 0.503703125 0.7603510638297872 0.07734375 0.1143191489361702
0 0.40175781250000003 0.6456489361702129 0.09992187500000001 0.08397872340425531
0 0.6510390625000001 0.650563829787234 0.08417187500000001 0.06517021276595744
0 0.6774531250000001 0.5513191489361702 0.10887500000000001 0.058808510638297874
0 0.12878906250000002 0.5510425531914894 0.133953125 0.06804255319148936
0 0.9203046875 0.7331595744680851 0.158109375 0.09478723404255318
0 0.5760078125 0.5127340425531915 0.083078125 0.07193617021276597
