0 0.29290625000000003 0.4200384615384615 0.10846875 0.07043589743589743
0 0.47201562500000005 0.5363333333333333 0.12631250000000002 0.10523076923076922
0 0.6059531250000001 0.3576282051282051 0.08881250000000002 0.038128205128205125
0 0.8979140625000002 0.31065384615384617 0.034203125 0.04807692307692308
0 0.9899609374999999 0.295 0.018078125 0.07333333333333333
0 0.7931015625 0.3544102564102564 0.066421875 0.04984615384615385
0 0.8471406250000002 0.3285769230769231 0.060750000000000005 0.050589743589743594
0 0.7089921875 0.3373846153846154 0.045703125000000004 0.01728205128205128
0 0.95859375 0.30482051282051287 0.03375 0.04748717948717949
0 0.9271484375000001 0.3004615384615385 0.028265625000000003 0.01825641025641026
0 0.6337421875000001 0.5438333333333334 0.122609375 0.09735897435897435
0 0.7972109375 0.5013461538461538 0.085484375 0.07361538461538462
