0 0.33596093750000006 0.37563231850117096 0.043546875000000006 0.014449648711943795
0 0.8176171875 0.3515807962529274 0.025453125 0.01252927400468384
0 0.302125 0.3376346604215457 0.0093125 0.008899297423887587
0 0.29 0.3345550351288056 0.01046875 0.01088992974238876
0 0.2656328125 0.3382552693208431 0.017890625 0.01126463700234192
0 0.2389765625 0.336615925058548 0.007109375 0.007049180327868852
0 0.201125 0.3368384074941452 0.0054375000000000005 0.005339578454332552
0 0.180328125 0.34290398126463695 0.0120625 0.008103044496487119
0 0.153296875 0.33559718969555036 0.00853125 0.007587822014051523
0 0.23314062500000002 0.3294847775175644 0.00971875 0.0059953161592505855
0 0.3325546875 0.3404683840749415 0.022296875 0.014566744730679156
0 0.47421875 0.34543325526932084 0.9453125 0.06323185011709602
