0 0.6710703125 0.659612676056338 0.226890625 0.0985680751173709
0 0.4143359375 0.5426995305164319 0.317109375 0.11910798122065729
0 0.7901953125000001 0.3623004694835681 0.099171875 0.03699530516431925
0 0.30864843750000004 0.35820422535211266 0.213203125 0.18354460093896713
0 0.3775390625 0.4745422535211268 0.04585937500000001 0.05330985915492958
0 0.15584375 0.40544600938967135 0.22984375 0.17455399061032864
0 0.0571875 0.5079929577464789 0.114375 0.09359154929577465
0 0.8919687500000001 0.3975586854460094 0.21606250000000002 0.21225352112676057
0 0.181671875 0.5203638497652583 0.14009375 0.03720657276995305
0 0.32275000000000004 0.46440140845070427 0.06696875000000001 0.08992957746478875
0 0.72396875 0.4790023474178404 0.22515625 0.17284037558685444
0 0.5278750000000001 0.13018779342723005 0.10328124999999999 0.04549295774647887
0 0.5 0.32159624413145543 0.9968750000000001 0.6384976525821596
