0 0.261765625 0.4100958904109589 0.27334375 0.17410958904109589
0 0.4740703125 0.3022191780821918 0.083671875 0.2052054794520548
0 0.3860078125 0.3969178082191781 0.073546875 0.05191780821917808
0 0.416890625 0.39369863013698636 0.06071875 0.03884931506849315
0 0.5745078125 0.40224657534246583 0.05560937500000001 0.01704109589041096
0 0.6984296875 0.39678082191780817 0.069265625 0.03602739726027397
0 0.782421875 0.40158904109589044 0.026968750000000003 0.023068493150684932
0 0.5613359375 0.37154794520547946 0.046015625000000004 0.02073972602739726
0 0.30035937500000004 0.3738082191780822 0.13171875 0.09227397260273973
0 0.94475 0.31373972602739725 0.0495 0.1771232876712329
0 0.1625 0.34383561643835614 0.115625 0.04657534246575343
