0 0.596234375 0.49828124999999995 0.07815625000000001 0.09989583333333334
0 0.7048515625 0.473625 0.042609375000000005 0.080875
0 0.49550781250000003 0.5325833333333334 0.08764062500000001 0.06741666666666667
0 0.966453125 0.5044062500000001 0.06709375 0.0543125
0 0.5641484375 0.45339583333333333 0.048421875 0.06516666666666666
0 0.5889296875 0.42914583333333334 0.027609375000000005 0.04579166666666667
0 0.767578125 0.44576041666666666 0.052375000000000005 0.0738125
0 0.8613671875 0.501875 0.108578125 0.057708333333333334
0 0.6722421875000001 0.45025 0.048546875 0.07416666666666667
0 0.6248671875 0.4405 0.037890625000000004 0.0555
0 0.9196953125 0.5411041666666667 0.07810937500000001 0.02575
0 0.4962187500000001 0.42943749999999997 0.02103125 0.054625
