0 0.6240999999999999 0.1701051051051051 0.07484 0.03594594594594595
0 0.7907000000000001 0.16384384384384382 0.05024 0.04144144144144144
0 0.5791799999999999 0.1644144144144144 0.02612 0.02792792792792793
0 0.42656 0.16093093093093092 0.03008 0.015495495495495495
0 0.18391 0.14996996996996997 0.04058 0.024684684684684686
0 0.14348000000000002 0.14888888888888888 0.05144 0.018918918918918916
0 0.061739999999999996 0.13818318318318318 0.01868 0.025915915915915917
0 0.3807 0.13779279279279277 0.031 0.045195195195195194
0 0.50892 0.15465465465465467 0.019 0.023183183183183183
0 0.68822 0.1650900900900901 0.04528 0.050060060060060065
0 0.91877 0.16406906906906907 0.01818 0.022912912912912912
0 0.30136 0.142012012012012 0.033280000000000004 0.04072072072072072
0 0.24029 0.13623123123123124 0.032740000000000005 0.040450450450450454
0 0.491 0.15165165165165165 0.978 0.08108108108108109
