0 0.23424705882352942 0.504203125 0.19672941176470587 0.01721875
0 0.8485999999999999 0.4611484375 0.11541176470588234 0.020859375
0 0.06923529411764705 0.41453125 0.11856470588235293 0.14068750000000002
0 0.32107058823529405 0.46189843750000004 0.11108235294117647 0.034421875000000005
0 0.5722588235294117 0.596265625 0.7646117647058822 0.12046875
0 0.4442588235294117 0.47200781250000007 0.07350588235294117 0.019828125000000002
0 0.6328470588235294 0.4642734375000001 0.10414117647058822 0.024140625
0 0.7322470588235294 0.4724296875 0.12275294117647058 0.026453125
0 0.2573176470588235 0.4582109375 0.07388235294117645 0.030546875
0 0.5517647058823529 0.42909375000000005 0.08428235294117646 0.07834375
0 0.983905882352941 0.4671171875 0.02625882352941176 0.004171875
0 0.5618588235294117 0.504203125 0.23148235294117644 0.031281250000000003
