0 0.5515546875 0.43423958333333335 0.038671875 0.03952083333333333
0 0.2707265625 0.42026041666666664 0.08139062500000001 0.035270833333333335
0 0.3097109375 0.52834375 0.10204687500000001 0.06393750000000001
0 0.4668281250000001 0.39807291666666667 0.081375 0.035604166666666666
0 0.37307812500000004 0.4054583333333333 0.0456875 0.026333333333333334
0 0.5630546875000001 0.4101458333333333 0.06560937500000001 0.020125
0 0.46707031250000003 0.42160416666666667 0.017484375 0.017333333333333333
0 0.5690234375000001 0.39495833333333336 0.05120312500000001 0.025458333333333333
0 0.7783828125000001 0.42845833333333333 0.074046875 0.031625
0 0.7418593750000001 0.42120833333333335 0.045500000000000006 0.03808333333333334
0 0.6175859375 0.40786458333333336 0.031921875 0.015854166666666666
