0 0.20736718750000002 0.8772663551401869 0.41404687500000004 0.24546728971962614
0 0.8138281250000001 0.67375 0.1420625 0.05759345794392522
0 0.8409296875 0.6148948598130841 0.11151562500000001 0.06633177570093457
0 0.9234140625 0.5831658878504672 0.067328125 0.01936915887850467
0 0.057523437499999996 0.4560163551401869 0.068328125 0.29376168224299065
0 0.1314453125 0.484964953271028 0.12701562500000002 0.22932242990654206
0 0.763765625 0.6829672897196262 0.1829375 0.06626168224299064
0 0.7909296875 0.7373714953271028 0.209515625 0.10792056074766354
0 0.19762500000000002 0.5033060747663551 0.06640625 0.18240654205607473
0 0.9078125 0.5999649532710281 0.179875 0.060677570093457936
0 0.2568671875 0.5542990654205607 0.08907812500000001 0.0716822429906542
0 0.37469531250000004 0.5516705607476635 0.08273437500000001 0.05745327102803738
0 0.30596093750000003 0.5493808411214952 0.07179687500000001 0.07016355140186915
0 0.54296875 0.4275700934579439 0.9109375000000001 0.308411214953271
