0 0.165 0.6121977124183007 0.33 0.17710784313725492
0 0.4071813725490196 0.5817728758169936 0.1801470588235294 0.07985294117647058
0 0.5295343137254902 0.5677859477124183 0.07952614379084968 0.048578431372549025
0 0.5861601307189543 0.5561846405228759 0.039411764705882354 0.031192810457516342
0 0.648545751633987 0.553202614379085 0.06160130718954249 0.021830065359477124
0 0.7018627450980393 0.544468954248366 0.04075163398692811 0.01815359477124183
0 0.8839133986928106 0.5033986928104576 0.03756535947712418 0.02588235294117647
0 0.6070179738562091 0.5400735294117647 0.05965686274509804 0.03580065359477124
0 0.7808006535947712 0.5209967320261437 0.05277777777777778 0.03803921568627451
0 0.7363071895424836 0.53640522875817 0.04091503267973856 0.01892156862745098
0 0.6784722222222223 0.5284885620915033 0.07527777777777778 0.026519607843137255
