0 0.52328125 0.8078103044496487 0.059937500000000005 0.11763466042154566
0 0.48240625000000004 0.8244379391100701 0.046062500000000006 0.10517564402810303
0 0.60296875 0.7804800936768149 0.07121875 0.11332552693208431
0 0.25829687500000004 0.8790983606557377 0.061625 0.16302107728337237
0 0.202109375 0.8851405152224825 0.052593749999999995 0.17791569086651055
0 0.4260859375 0.43460187353629975 0.158546875 0.16920374707259953
0 0.50615625 0.46181498829039813 0.13575 0.15046838407494145
0 0.5573359375 0.4811943793911007 0.07832812500000001 0.08177985948477752
0 0.6266406250000001 0.5204098360655738 0.1133125 0.1076112412177986
0 0.5908203125 0.4911709601873537 0.121296875 0.13138173302107728
0 0.396765625 0.7469203747072599 0.05365625000000001 0.3237236533957845
0 0.8679687500000001 0.5868618266978923 0.0849375 0.1121311475409836
0 0.314875 0.41977751756440285 0.16721875 0.11655737704918033
0 0.49921875000000004 0.49882903981264637 0.9984375000000001 0.9976580796252927
