0 0.5146135831381733 0.5368906250000001 0.04857142857142857 0.01221875
0 0.458231850117096 0.53284375 0.05238875878220141 0.00621875
0 0.4852810304449649 0.5234843750000001 0.03529274004683841 0.007531250000000001
0 0.5357025761124122 0.5259218750000001 0.03941451990632318 0.0073437500000000005
0 0.5633255269320843 0.5348671875000001 0.024168618266978924 0.011484375
0 0.04035128805620609 0.5285937500000001 0.03728337236533958 0.01659375
0 0.23442622950819672 0.5249453125000001 0.04969555035128805 0.010109375
0 0.0118384074941452 0.52134375 0.0236768149882904 0.013125000000000001
0 0.3701639344262295 0.5203359375 0.025526932084309135 0.006078125
0 0.4087704918032787 0.5228125 0.03163934426229508 0.00590625
0 0.36077283372365343 0.5331015625000001 0.041873536299765805 0.008046875
0 0.05251756440281031 0.5152109375 0.024004683840749413 0.013015625000000001
0 0.5421545667447307 0.5281250000000001 0.46604215456674475 0.05625
