0 0.326234375 0.6246135831381734 0.08875 0.0546135831381733
0 0.45825 0.617599531615925 0.09121875000000002 0.04386416861826698
0 0.598890625 0.6059953161592506 0.069125 0.041733021077283376
0 0.8144140625 0.6075644028103044 0.042953125 0.04548009367681499
0 0.8569218749999999 0.5986768149882904 0.07553125000000001 0.036510538641686185
0 0.9147421874999999 0.5442505854800938 0.155984375 0.07548009367681498
0 0.33521875000000007 0.47857142857142854 0.041656250000000006 0.03133489461358314
0 0.5142890625 0.6813700234192037 0.066484375 0.07702576112412178
0 0.0377734375 0.48997658079625295 0.074078125 0.03185011709601873
0 0.08678906250000001 0.6145667447306791 0.17357812500000003 0.09587822014051521
0 0.6543203125000001 0.6096955503512881 0.047953125000000006 0.04449648711943794
