0 0.43546093750000003 0.7460731132075471 0.32901562500000003 0.1528066037735849
0 0.780421875 0.5998231132075472 0.337125 0.09959905660377358
0 0.7373437500000001 0.6008962264150943 0.09040625000000001 0.10962264150943395
0 0.9743515624999999 0.6172169811320755 0.051296875 0.07018867924528302
0 0.9796796875 0.8349528301886792 0.04064062500000001 0.16433962264150945
0 0.41581250000000003 0.5627358490566038 0.10728125 0.06754716981132075
0 0.5758515625 0.566627358490566 0.142171875 0.0634433962264151
0 0.3158046875 0.676875 0.304109375 0.06356132075471697
0 0.8485859374999999 0.5707900943396227 0.047453125000000006 0.051721698113207544
0 0.2001640625 0.623372641509434 0.273203125 0.06
0 0.15731250000000002 0.5706721698113207 0.25481250000000005 0.07742924528301887
0 0.8069609375000001 0.5825471698113207 0.084828125 0.08764150943396225
0 0.288703125 0.5821816037735849 0.11490625000000002 0.04742924528301887
0 0.34140625 0.6615566037735848 0.2484375 0.1391509433962264
