0 0.42553906250000006 0.6062133891213388 0.060640625000000004 0.021506276150627612
0 0.6489765625000001 0.561705020920502 0.317515625 0.07968619246861924
0 0.221640625 0.6101255230125522 0.0505 0.012887029288702927
0 0.10165625 0.6033995815899581 0.027218750000000003 0.01399581589958159
0 0.4691796875 0.5874163179916316 0.023078125 0.012907949790794978
0 0.9487968750000001 0.5809832635983263 0.03784375 0.011841004184100418
0 0.8343437499999999 0.5785774058577404 0.01190625 0.008493723849372383
0 0.30507812500000003 0.6053870292887029 0.03853125 0.010983263598326359
0 0.14767968750000002 0.6048953974895397 0.035796875 0.015648535564853554
0 0.08951562500000002 0.5667677824267783 0.025718750000000002 0.07579497907949789
0 0.8060312500000001 0.5610564853556484 0.00853125 0.04211297071129706
0 0.23841406250000002 0.5986401673640166 0.043234375000000005 0.019456066945606695
0 0.41328125000000004 0.5951882845188284 0.8234375 0.0606694560669456
