0 0.5472463768115942 0.753578125 0.2715942028985507 0.31728125
0 0.5939492753623189 0.54109375 0.23431159420289857 0.17890625000000002
0 0.06581521739130435 0.7336562500000001 0.1316304347826087 0.0610625
0 0.6433786231884059 0.34884375000000006 0.1319746376811594 0.06403125
0 0.5346557971014493 0.197609375 0.08945652173913043 0.06803125
0 0.13497282608695652 0.47181249999999997 0.26994565217391303 0.11706250000000001
0 0.9431793478260869 0.6958515625000001 0.11364130434782609 0.19839062500000001
0 0.778143115942029 0.5544765625 0.19375 0.07698437500000001
0 0.43530797101449276 0.23968750000000003 0.16880434782608697 0.16290625000000003
0 0.262536231884058 0.6279765625 0.28489130434782606 0.242984375
0 0.8058786231884059 0.34501562500000005 0.1116123188405797 0.06875
0 0.9107518115942029 0.5264062500000001 0.14418478260869566 0.047
0 0.4344021739130435 0.47213281250000005 0.17887681159420288 0.10798437500000001
