0 0.36308000000000007 0.20260700389105057 0.09872 0.12389105058365758
0 0.63725 0.2240272373540856 0.08278 0.07155642023346304
0 0.95037 0.27519455252918285 0.07514 0.0972373540856031
0 0.62907 0.275875486381323 0.05194 0.08848249027237354
0 0.19659000000000001 0.2193579766536965 0.15658000000000002 0.07357976653696498
0 0.4525 0.22445525291828794 0.08832 0.08400778210116731
0 0.52691 0.21974708171206223 0.08158 0.06533073929961089
0 0.05243000000000001 0.22313229571984436 0.028820000000000002 0.019883268482490273
0 0.77371 0.2328988326848249 0.09662000000000001 0.07552529182879378
0 0.72543 0.23299610894941636 0.10382 0.07143968871595331
0 0.8666800000000001 0.282295719844358 0.08996 0.040389105058365765
