0 0.637078125 0.7651666666666666 0.43146875 0.3797916666666667
0 0.28230468750000004 0.8404479166666667 0.267984375 0.24268749999999997
0 0.19719531250000003 0.6415729166666666 0.259546875 0.24493749999999997
0 0.790359375 0.40099999999999997 0.34196875000000004 0.19391666666666665
0 0.83403125 0.56678125 0.33165625 0.34760416666666666
0 0.4428828125 0.52803125 0.24951562500000002 0.3407708333333333
0 0.11668750000000001 0.20469791666666665 0.23337500000000003 0.19527083333333334
0 0.7882421875000001 0.30552083333333335 0.42351562500000006 0.21241666666666664
0 0.524671875 0.16438541666666667 0.34203125 0.17297916666666666
0 0.32232031250000004 0.35946875 0.280359375 0.26068749999999996
0 0.04665625 0.33487500000000003 0.0933125 0.20837499999999998
0 0.5756953125000001 0.22130208333333334 0.205734375 0.16639583333333335
0 0.07902343750000002 0.9333750000000001 0.15804687500000003 0.13325
0 0.8718750000000001 0.20520833333333333 0.18125000000000002 0.23541666666666666
