0 0.291546875 0.5075 0.41478125 0.8494392523364486
0 0.9524453125 0.6530373831775701 0.06760937500000001 0.3717757009345794
0 0.06691406250000001 0.6624182242990654 0.06410937500000001 0.38801401869158875
0 0.5859375 0.7377920560747664 0.023875 0.10156542056074766
0 0.6280078125 0.8054088785046728 0.016703125 0.015257009345794392
0 0.74971875 0.7130257009345794 0.05971875 0.24380841121495325
0 0.6096640625 0.807698598130841 0.021703125000000004 0.015163551401869159
0 0.577734375 0.807768691588785 0.022468750000000003 0.01936915887850467
0 0.5922109375000001 0.8077102803738316 0.020609375 0.01892523364485981
0 0.6820625 0.8061331775700934 0.01715625 0.013574766355140185
0 0.5087265625 0.6673130841121495 0.039921875 0.3781308411214953
0 0.6473984375000001 0.8111214953271028 0.019828125000000002 0.027102803738317756
0 0.5085937500000001 0.8294392523364486 0.8265625000000001 0.10747663551401869
