0 0.201359375 0.7274792243767313 0.40271875 0.40991689750692517
0 0.5919531250000001 0.5083102493074793 0.1394375 0.20448753462603877
0 0.17170312499999998 0.9269529085872577 0.30178125 0.14609418282548478
0 0.10833593749999999 0.31644044321329634 0.215890625 0.10124653739612188
0 0.37171875 0.2770498614958449 0.20696875000000003 0.059141274238227154
0 0.5621640625 0.641578947368421 0.391671875 0.22698060941828255
0 0.5551718750000001 0.23986149584487534 0.13465625 0.0720775623268698
0 0.7891171875 0.4001939058171745 0.146296875 0.13606648199445984
0 0.6707421875000001 0.23714681440443214 0.09839062500000001 0.041606648199445984
0 0.84746875 0.20591412742382273 0.07834375 0.04401662049861496
0 0.9534218750000001 0.19933518005540166 0.049156250000000005 0.04
0 0.9386875 0.20524930747922437 0.0305625 0.040803324099722996
0 0.6335937500000001 0.35041551246537395 0.37031250000000004 0.3462603878116344
