0 0.5824375 0.20143750000000002 0.033875 0.178575
0 0.616515625 0.1467125 0.015125 0.037025
0 0.030734375000000005 0.155725 0.06146875000000001 0.03695
0 0.0534921875 0.14638750000000003 0.033796875 0.029275000000000002
0 0.87484375 0.1225 0.0226875 0.02905
0 0.9121640625 0.115825 0.022265625 0.014850000000000002
0 0.89003125 0.11904999999999999 0.0159375 0.0199
0 0.9128671875000001 0.12387500000000001 0.035203125 0.04730000000000001
0 0.08288281250000001 0.12195 0.103421875 0.045750000000000006
0 0.8570703125 0.12293749999999999 0.016703125 0.032475000000000004
0 0.9022343750000001 0.11970000000000001 0.01715625 0.013700000000000002
0 0.8267500000000001 0.05738750000000001 0.00925 0.016775
0 0.49921875000000004 0.2925 0.9984375000000001 0.585
