0 0.316375 0.5967588932806324 0.069625 0.05383399209486165
0 0.534890625 0.5971146245059289 0.04371875 0.05770750988142292
0 0.864640625 0.6400592885375493 0.08390625000000002 0.10857707509881422
0 0.4461328125000001 0.603102766798419 0.047390625 0.08786561264822133
0 0.7559218750000001 0.61899209486166 0.0495625 0.07411067193675888
0 0.261296875 0.5707509881422925 0.05471875000000001 0.050671936758893275
0 0.720125 0.6169169960474309 0.06315625000000001 0.0933596837944664
0 0.479140625 0.6387351778656126 0.03834375 0.06727272727272726
0 0.36257812500000003 0.611897233201581 0.029656250000000002 0.026561264822134386
0 0.203921875 0.5840513833992094 0.05940625000000001 0.04699604743083004
0 0.06828125 0.6047826086956521 0.026750000000000003 0.05857707509881423
