0 0.29826562500000003 0.6023529411764705 0.11503125000000002 0.08484705882352941
0 0.2602265625 0.5742117647058823 0.113609375 0.08870588235294118
0 0.43378906250000004 0.5574235294117647 0.029390625 0.05790588235294117
0 0.6653515625 0.6012470588235294 0.050859375 0.03515294117647058
0 0.48121093750000005 0.33811764705882347 0.12070312500000001 0.6039999999999999
0 0.5905859375 0.6081176470588234 0.102609375 0.04414117647058823
0 0.060953125 0.6353294117647058 0.12190625 0.056823529411764696
0 0.5050156250000001 0.7036941176470587 0.20659375000000002 0.08395294117647058
0 0.7373359375 0.6709999999999999 0.22195312500000003 0.10317647058823529
0 0.972875 0.5781176470588234 0.050249999999999996 0.08912941176470587
0 0.34925 0.6782588235294117 0.1049375 0.1333176470588235
0 0.7737265625 0.43752941176470583 0.232421875 0.4358117647058823
0 0.182671875 0.589435294117647 0.07187500000000001 0.024470588235294116
0 0.49921875000000004 0.6458823529411765 0.9984375000000001 0.20470588235294115
