0 0.4266171875 0.9028990610328639 0.541140625 0.18715962441314554
0 0.8564375000000001 0.7892018779342723 0.28615625 0.22244131455399063
0 0.11566406250000001 0.7528990610328637 0.12198437499999999 0.21927230046948357
0 0.27458593750000004 0.7602112676056337 0.035734375000000006 0.025305164319248827
0 0.38083593750000005 0.835293427230047 0.5112968750000001 0.18992957746478872
0 0.4292109375 0.7436150234741785 0.046953125000000005 0.03892018779342723
0 0.588421875 0.7387441314553991 0.06446875 0.04279342723004695
0 0.6846328125 0.8052934272300469 0.10514062500000002 0.04809859154929577
0 0.1469765625 0.7506924882629109 0.034859375 0.028098591549295778
0 0.21600000000000003 0.7570774647887324 0.0474375 0.01204225352112676
0 0.29233593750000003 0.7781572769953052 0.035984375000000006 0.036032863849765256
0 0.6902421875 0.7832511737089203 0.053015625000000004 0.027535211267605636
0 0.08967187500000001 0.801549295774648 0.14012500000000003 0.07295774647887324
0 0.61328125 0.761737089201878 0.5078125 0.06338028169014084
