0 0.43789062500000003 0.5488229166666667 0.22246875 0.1505625
0 0.331265625 0.6311041666666666 0.11809375 0.0475
0 0.6203437500000001 0.62796875 0.2325625 0.08802083333333333
0 0.21994531250000005 0.6125104166666666 0.085953125 0.12360416666666667
0 0.8282500000000002 0.475375 0.12075000000000001 0.14325000000000002
0 0.30353125000000003 0.6163854166666667 0.0913125 0.11014583333333333
0 0.7379765625 0.5375520833333334 0.186796875 0.1008125
0 0.5485390625000001 0.5482083333333333 0.199953125 0.10166666666666666
0 0.31955468750000005 0.5012708333333333 0.019390625 0.0235
0 0.34069531250000007 0.51715625 0.108671875 0.14489583333333333
