0 0.49663541666666666 0.626609375 0.8441458333333333 0.2281875
0 0.4481041666666667 0.5034453125 0.7912916666666666 0.175765625
0 0.5513125 0.38501562500000003 0.8029999999999999 0.2
0 0.5558020833333333 0.3045 0.8179791666666666 0.17303125
0 0.40299999999999997 0.737078125 0.8 0.47190624999999997
0 0.6860416666666665 0.1851953125 0.6279166666666666 0.280046875
0 0.3839270833333333 0.2009296875 0.4764375 0.135921875
0 0.8215624999999999 0.17636718750000002 0.3485 0.127796875
0 0.77271875 0.07675781250000001 0.4528125 0.085484375
0 0.7845416666666667 0.14009375 0.43091666666666667 0.0861875
0 0.1625 0.938296875 0.325 0.12340625000000001
