0 0.4751406250000001 0.6662939698492463 0.4807187500000001 0.11459798994974875
0 0.8321953125000001 0.1910175879396985 0.065671875 0.0449497487437186
0 0.876625 0.3139572864321608 0.24675 0.14243718592964824
0 0.484375 0.16923366834170853 0.142875 0.036155778894472364
0 0.88540625 0.18834170854271357 0.047406250000000004 0.03587939698492462
0 0.9437500000000001 0.2378391959798995 0.11228125 0.03804020100502513
0 0.7823125000000001 0.19654522613065326 0.03771875 0.043040201005025126
0 0.6587812500000001 0.15753768844221105 0.03734375 0.02592964824120603
0 0.7578125 0.1943467336683417 0.027000000000000003 0.01321608040201005
0 0.9307656250000002 0.1870226130653266 0.04725 0.02751256281407035
