0 0.31661718750000006 0.6340809628008753 0.069609375 0.09048140043763676
0 0.15571875000000002 0.6586105032822758 0.042625 0.0200218818380744
0 0.17918750000000003 0.5873413566739605 0.027375 0.010218818380743983
0 0.45749218750000004 0.6000984682713347 0.07673437500000001 0.0399781181619256
0 0.4442890625 0.6417067833698031 0.166171875 0.03544857768052516
0 0.41525 0.596159737417943 0.05512500000000001 0.03695842450765864
0 0.11107812500000001 0.5767724288840264 0.02003125 0.00562363238512035
0 0.35381250000000003 0.6024507658643325 0.01903125 0.005470459518599562
0 0.20415625 0.570437636761488 0.01134375 0.006083150984682713
0 0.1475546875 0.5786542669584245 0.015171875000000001 0.012407002188183807
0 0.24274218749999998 0.5615754923413566 0.009015625 0.005601750547045952
0 0.2497734375 0.5769693654266959 0.014078125 0.014726477024070022
