0 0.572484375 0.6043325526932084 0.02409375 0.02407494145199063
0 0.6974921875 0.6756206088992974 0.048296875 0.034473067915690866
0 0.5716953125 0.6859367681498829 0.032890625 0.04606557377049181
0 0.548921875 0.6796838407494146 0.02590625 0.021334894613583136
0 0.45917968750000004 0.6543911007025761 0.024765625 0.018149882903981264
0 0.32010937500000003 0.5707611241217798 0.03315625 0.032903981264637006
0 0.35425781250000005 0.5978220140515222 0.031890625 0.030398126463700235
0 0.4896328125 0.5427868852459017 0.054546874999999995 0.01873536299765808
0 0.81528125 0.5616627634660422 0.19446875 0.17714285714285716
0 0.41942968750000004 0.49032786885245905 0.057390625 0.030866510538641687
0 0.6894218750000001 0.4596135831381733 0.035687500000000004 0.019929742388758782
0 0.5778828125 0.45395784543325524 0.032109375 0.12740046838407493
0 0.5020234375 0.5932201405152225 0.03804687500000001 0.05978922716627635
0 0.6046875 0.5245901639344263 0.7781250000000001 0.31381733021077285
