0 0.500015625 0.49550351288056205 0.99703125 0.9820140515222482
0 0.18011718750000003 0.30396955503512885 0.24207812500000003 0.10217798594847775
0 0.2379921875 0.2842740046838408 0.322484375 0.1359016393442623
0 0.031875 0.2876112412177986 0.06375 0.03925058548009368
0 0.8036953125 0.2805035128805621 0.094703125 0.12203747072599531
0 0.8713515625000001 0.29245901639344263 0.135765625 0.11559718969555036
0 0.6902343750000001 0.18344262295081967 0.09609375 0.2601873536299766
0 0.6445703125000001 0.2665573770491803 0.07532812500000001 0.058407494145199065
0 0.5952734375 0.25703747072599537 0.060234375 0.044613583138173304
0 0.35678906250000003 0.23871194379391103 0.061828125000000005 0.02332552693208431
