0 0.2514453125 0.7213411764705882 0.502890625 0.48089411764705875
0 0.49245312499999994 0.726964705882353 0.313375 0.36630588235294115
0 0.6068671875 0.5640823529411765 0.5303593750000001 0.30872941176470586
0 0.7764843750000001 0.5445764705882352 0.2788125 0.10609411764705882
0 0.10907812500000001 0.4313764705882352 0.21815625000000002 0.11550588235294118
0 0.06967187500000001 0.45955294117647055 0.1388125 0.1460705882352941
0 0.1915703125 0.42407058823529403 0.135296875 0.09312941176470586
0 0.2424453125 0.42227058823529406 0.129109375 0.09451764705882353
0 0.3551953125 0.4386823529411764 0.12526562500000002 0.05887058823529411
0 0.10788281250000001 0.35343529411764707 0.071578125 0.022352941176470586
