0 0.4691796875 0.532663551401869 0.694359375 0.9099065420560747
0 0.9688906250000001 0.16956775700934576 0.033531250000000005 0.030630841121495323
0 0.6514609375 0.1438200934579439 0.058609375 0.049415887850467285
0 0.9399296875000002 0.18029205607476637 0.015046875000000001 0.022827102803738314
0 0.8212812499999999 0.14397196261682244 0.0345625 0.022476635514018687
0 0.7250234375 0.12419392523364485 0.060234375 0.0422196261682243
0 0.09953125000000002 0.10653037383177569 0.052625000000000005 0.1175
0 0.8147890625 0.1426051401869159 0.031484375 0.0122196261682243
0 0.6150156250000001 0.14125 0.05346875 0.03549065420560747
0 0.5475390625000001 0.14792056074766355 0.016515625000000003 0.015607476635514017
0 0.9648515625 0.3056542056074766 0.07029687500000001 0.04761682242990654
0 0.6840781250000001 0.13753504672897196 0.0235 0.020257009345794393
