0 0.7776640625 0.5074479166666667 0.147484375 0.03127083333333333
0 0.44675000000000004 0.4777083333333333 0.10387500000000001 0.022708333333333334
0 0.64915625 0.48252083333333334 0.08950000000000001 0.030291666666666665
0 0.8859375 0.45484375 0.03659375 0.0195625
0 0.9768515625000002 0.4592708333333333 0.031515625000000005 0.01175
0 0.5611484375 0.4328958333333333 0.037859375 0.05083333333333333
0 0.7569453125000001 0.4551458333333333 0.041296875000000004 0.009625
0 0.6798984375 0.4583333333333333 0.028703125000000003 0.03154166666666667
0 0.6829609375000001 0.4526770833333334 0.035671875 0.014520833333333332
0 0.504671875 0.45109375 0.0355 0.0066458333333333335
0 0.16171875000000002 0.44166666666666665 0.2109375 0.041666666666666664
