0 0.079390625 0.2646354166666666 0.15878125 0.2702708333333333
0 0.33046875000000003 0.46129166666666666 0.35684375 0.29624999999999996
0 0.86384375 0.41151041666666666 0.2685 0.24747916666666667
0 0.23817968750000001 0.23751041666666664 0.067984375 0.06022916666666667
0 0.4892890625000001 0.25621875 0.037046875 0.0329375
0 0.3915703125000001 0.20247916666666665 0.035015625 0.13266666666666665
0 0.5556562500000001 0.15455208333333334 0.0531875 0.2469375
0 0.6294921875 0.23478124999999997 0.043265625 0.08752083333333333
0 0.6984765625000001 0.26478124999999997 0.024390625 0.0160625
0 0.43192968750000005 0.16773958333333333 0.046734375 0.20352083333333332
0 0.17060156250000003 0.25244791666666666 0.058203125 0.022395833333333334
0 0.6309921875 0.20094791666666667 0.263890625 0.40189583333333334
