0 0.3356875000000001 0.8563262910798122 0.23509375000000002 0.09016431924882629
0 0.5770390625 0.6098943661971831 0.121234375 0.05030516431924883
0 0.32799218750000003 0.693755868544601 0.10523437499999999 0.03807511737089202
0 0.29300000000000004 0.6793779342723005 0.14190624999999998 0.04335680751173709
0 0.4142187500000001 0.6081103286384977 0.068875 0.031056338028169015
0 0.4480546875 0.5934272300469484 0.048109375 0.04708920187793427
0 0.343359375 0.636737089201878 0.07346875000000001 0.038028169014084505
0 0.9292656250000001 0.6549413145539906 0.06443750000000001 0.02453051643192488
0 0.4790468750000001 0.5411384976525822 0.0925625 0.14349765258215963
0 0.11869531250000001 0.5989084507042254 0.11901562500000001 0.028943661971830986
0 0.0323203125 0.6036502347417841 0.064640625 0.05931924882629108
0 0.787453125 0.5965962441314554 0.09612500000000002 0.062394366197183096
0 0.6357578125000001 0.598075117370892 0.048015625000000006 0.04192488262910798
0 0.20703125 0.931924882629108 0.1765625 0.13145539906103287
