0 0.5074062500000001 0.40634374999999995 0.09778125 0.09543750000000001
0 0.6285468750000001 0.38843750000000005 0.1291875 0.028083333333333335
0 0.3281953125 0.3545 0.130578125 0.027166666666666665
0 0.38409375 0.3434479166666667 0.14409375 0.052812500000000005
0 0.1758359375 0.34908333333333336 0.105671875 0.03491666666666667
0 0.0335703125 0.34721875 0.06510937500000001 0.03847916666666666
0 0.5101171875 0.3567604166666667 0.110484375 0.02002083333333333
0 0.894390625 0.37230208333333337 0.07659375000000002 0.027479166666666666
0 0.79759375 0.37176041666666665 0.08015625 0.014895833333333334
0 0.5983828125 0.36413541666666666 0.064234375 0.024479166666666666
0 0.6473046875 0.36582291666666666 0.056703125 0.024687499999999998
0 0.74921875 0.396875 0.49843750000000003 0.09791666666666667
