0 0.7946600000000001 0.23225225225225227 0.02016 0.011591591591591592
0 0.85641 0.2557507507507507 0.00898 0.01006006006006006
0 0.10186 0.275015015015015 0.027120000000000002 0.00984984984984985
0 0.82017 0.23283783783783782 0.02054 0.008078078078078078
0 0.90224 0.23543543543543546 0.01908 0.011171171171171172
0 0.96504 0.2144594594594595 0.03228 0.05978978978978979
0 0.9959800000000001 0.23150150150150148 0.008039999999999999 0.013933933933933933
0 0.93881 0.2148798798798799 0.0189 0.06081081081081081
0 0.35369 0.23569069069069068 0.008220000000000002 0.0077177177177177175
0 0.84685 0.2199099099099099 0.02454 0.04888888888888889
0 0.317 0.21921921921921922 0.246 0.07207207207207207
