0 0.22964062500000001 0.686 0.1636875 0.11037499999999999
0 0.108796875 0.6456979166666666 0.1371875 0.06235416666666666
0 0.3644375 0.6630208333333333 0.1756875 0.124125
0 0.5225156249999999 0.6643854166666667 0.187375 0.07856250000000001
0 0.6138203125 0.6228645833333334 0.085578125 0.09239583333333333
0 0.6900390625 0.6396354166666666 0.042234375000000005 0.051812500000000004
0 0.779515625 0.6013229166666666 0.09409375 0.04435416666666667
0 0.9098281250000002 0.5993333333333334 0.11081250000000001 0.03295833333333333
0 0.8791484375000002 0.5460833333333334 0.040859375 0.05633333333333333
0 0.6878906250000001 0.5889583333333335 0.0886875 0.027999999999999997
0 0.2341796875 0.6225416666666667 0.06370312500000001 0.019375
0 0.02809375 0.5843229166666667 0.0561875 0.03852083333333333
0 0.7353125 0.6435104166666666 0.05728125 0.029479166666666667
0 0.5164062500000001 0.6010416666666667 0.8765625 0.14375
