0 0.3468941176470588 0.7849062500000001 0.3014117647058823 0.4301875
0 0.7275294117647058 0.6409453125000001 0.23261176470588232 0.43467187500000004
0 0.12798823529411765 0.8018671875 0.2559764705882353 0.39626562500000007
0 0.2934235294117647 0.3896171875 0.2536705882352941 0.354984375
0 0.8908470588235293 0.8662890625000002 0.21830588235294116 0.262921875
0 0.6302117647058824 0.40334375 0.2233882352941176 0.14028125
0 0.059011764705882354 0.2476015625 0.11115294117647058 0.048609375
0 0.44899999999999995 0.3266875 0.06223529411764705 0.09171875000000002
0 0.36948235294117643 0.2402109375 0.12790588235294117 0.101109375
0 0.5846470588235293 0.31012500000000004 0.14105882352941176 0.1045625
0 0.2929999999999999 0.2741484375 0.05950588235294117 0.029984375000000004
