0 0.4592578125 0.05949648711943794 0.060609375 0.11697892271662765
0 0.0557265625 0.07908665105386416 0.023015625 0.05241217798594847
0 0.2143359375 0.08501170960187353 0.017421875 0.04885245901639344
0 0.32265625000000003 0.09994145199063233 0.02459375 0.02044496487119438
0 0.59146875 0.09057377049180328 0.030156250000000002 0.04114754098360656
0 0.7933515625 0.08569086651053864 0.019078125 0.05170960187353629
0 0.7625078125 0.10105386416861828 0.020828125000000003 0.02332552693208431
0 0.0237421875 0.058173302107728336 0.04485937500000001 0.11569086651053864
0 0.0762421875 0.08194379391100703 0.016546875 0.04604215456674473
0 0.146765625 0.0822599531615925 0.0193125 0.04836065573770491
0 0.521875 0.08782201405152225 0.80625 0.0585480093676815
