0 0.6206875 0.33344444444444443 0.024875 0.03588888888888889
0 0.555953125 0.3431805555555556 0.024125 0.022305555555555554
0 0.40847656250000003 0.34575 0.021796875 0.03577777777777778
0 0.3735390625 0.346375 0.013046875 0.027972222222222225
0 0.7248203125 0.33768055555555554 0.023578125000000002 0.022083333333333333
0 0.749796875 0.33997222222222223 0.019750000000000004 0.014611111111111111
0 0.478796875 0.35225 0.01865625 0.013
0 0.43060937499999996 0.3472916666666667 0.027781250000000004 0.024305555555555556
0 0.28453906250000005 0.35566666666666663 0.014796875000000001 0.014777777777777779
0 0.18871875000000002 0.35715277777777776 0.01053125 0.007416666666666667
0 0.651953125 0.3199861111111111 0.01571875 0.06297222222222223
0 0.695953125 0.32454166666666673 0.025093749999999998 0.026694444444444444
0 0.7992890625 0.3302361111111111 0.023890625 0.02213888888888889
0 0.5921875 0.33472222222222225 0.59375 0.075
