0 0.5036015625 0.1106429942418426 0.014328125 0.034683301343570054
0 0.48165625 0.1129750479846449 0.0105625 0.032706333973128596
0 0.9165312499999999 0.09272552783109406 0.01971875 0.044568138195777346
0 0.6425625 0.10414587332053742 0.026875 0.03662188099808061
0 0.44928906250000006 0.11465451055662187 0.010265625 0.03902111324376199
0 0.17615625000000001 0.13320537428023033 0.015625 0.03581573896353167
0 0.05248437500000001 0.13580614203454894 0.010000000000000002 0.026660268714011517
0 0.848125 0.09535508637236084 0.0103125 0.04030710172744722
0 0.6794921875000001 0.11757197696737043 0.014859375000000001 0.01380038387715931
0 0.267859375 0.12386756238003838 0.01334375 0.039097888675623804
