0 0.2801875 0.4468354430379746 0.03884375 0.039778481012658226
0 0.54103125 0.5083227848101266 0.16643750000000002 0.03594936708860759
0 0.7462421875 0.5272784810126582 0.130328125 0.025981012658227852
0 0.11898437500000002 0.4731250000000001 0.1075625 0.029382911392405064
0 0.5486484375 0.47601265822784816 0.030859375 0.01870253164556962
0 0.51509375 0.4549208860759493 0.13953125 0.035664556962025314
0 0.7746875 0.49723101265822783 0.10809375000000002 0.0384493670886076
0 0.6611484375000001 0.4586471518987342 0.025171875 0.033623417721518986
0 0.9135546875000001 0.5004746835443038 0.17289062500000002 0.027658227848101267
0 0.949015625 0.47248417721518987 0.08815625 0.03651898734177215
0 0.68109375 0.47153481012658227 0.02271875 0.0076582278481012655
0 0.3730625 0.4567405063291139 0.041843750000000006 0.027183544303797467
