0 0.14477343750000002 0.6898847926267282 0.22248437499999998 0.125852534562212
0 0.209484375 0.5277304147465438 0.1859375 0.17472350230414746
0 0.7444296875 0.49406682027649773 0.068140625 0.023433179723502305
0 0.9069140625000002 0.496831797235023 0.07485937499999999 0.02486175115207373
0 0.46942187500000004 0.5063709677419355 0.03696875 0.02914746543778802
0 0.0242734375 0.6938248847926267 0.041859375000000004 0.083963133640553
0 0.3458125 0.4773617511520737 0.10059375 0.2657373271889401
0 0.5730625000000001 0.4791820276497696 0.046000000000000006 0.03182027649769585
0 0.4459453125000001 0.5743663594470046 0.07179687500000001 0.08983870967741936
0 0.7440546875000001 0.5138594470046083 0.067484375 0.014861751152073733
0 0.5164062500000001 0.49539170506912444 0.045312500000000006 0.041474654377880185
