0 0.6105140186915887 0.88575 0.5099065420560748 0.12678125
0 0.6314719626168224 0.8155390625000001 0.5196728971962616 0.058296875000000005
0 0.5999766355140186 0.78809375 0.4995794392523364 0.0538125
0 0.5582126168224298 0.7427656250000001 0.493714953271028 0.04928125
0 0.5079088785046728 0.7092499999999999 0.3864719626168224 0.06393750000000001
0 0.439964953271028 0.6563984375 0.3719859813084112 0.040765625
0 0.3807009345794392 0.6088984375000001 0.29612149532710275 0.035109375
0 0.4606191588785047 0.6695390625000001 0.3539485981308411 0.046953125000000005
0 0.329357476635514 0.5742578125000001 0.2047429906542056 0.055796875
0 0.29503504672897196 0.5592890625 0.1560514018691589 0.06029687500000001
0 0.41863317757009344 0.617625 0.32413551401869156 0.02890625
0 0.4713668224299065 0.69478125 0.3894158878504672 0.07228125
0 0.3811098130841121 0.5714140625 0.2595093457943925 0.027296874999999998
0 0.5572429906542056 0.7015625000000001 0.6285046728971962 0.16875
