0 0.8789453125 0.2483176470588235 0.238765625 0.16854117647058822
0 0.25442187499999996 0.2860705882352941 0.022500000000000003 0.016941176470588234
0 0.4353828125 0.25888235294117645 0.015015625 0.008211764705882352
0 0.6491875 0.22081176470588232 0.00984375 0.006470588235294117
0 0.62003125 0.22795294117647058 0.009625000000000002 0.004752941176470588
0 0.5184218749999999 0.2216117647058823 0.035437500000000004 0.01348235294117647
0 0.62109375 0.21937647058823528 0.01065625 0.005152941176470588
0 0.7054609375 0.20285882352941176 0.009703125 0.015223529411764703
0 0.553671875 0.6701294117647059 0.1241875 0.20778823529411763
0 0.8300468750000001 0.15098823529411765 0.09212500000000001 0.10889411764705882
0 0.064921875 0.24143529411764703 0.12984375 0.13585882352941175
