0 0.8368099999999999 0.21002666666666664 0.11078 0.22986666666666666
0 0.03455 0.19438666666666668 0.0691 0.17304
0 0.49259000000000003 0.20789333333333335 0.09258 0.19013333333333332
0 0.66555 0.19738666666666668 0.0855 0.19573333333333334
0 0.7611100000000001 0.19382666666666667 0.08518 0.19010666666666667
0 0.33522 0.19398666666666667 0.09459999999999999 0.21373333333333333
0 0.24598000000000003 0.21288 0.13924 0.23514666666666667
0 0.16678 0.19158666666666666 0.10716 0.17533333333333334
0 0.10662 0.18478666666666665 0.12788 0.15416
0 0.42216000000000004 0.19867999999999997 0.14084 0.21885333333333332
