0 0.5625 0.6835520833333334 0.30743750000000003 0.3063125
0 0.2985625 0.57525 0.052500000000000005 0.05516666666666667
0 0.2575390625 0.58990625 0.034828125 0.0454375
0 0.9438203125 0.40730208333333334 0.09776562500000001 0.48989583333333336
0 0.6893515625000001 0.5706145833333333 0.06035937500000001 0.06385416666666666
0 0.22234374999999998 0.5923958333333332 0.043187500000000004 0.040749999999999995
0 0.7618515625 0.5708125000000001 0.029921875 0.09749999999999999
0 0.0675703125 0.59121875 0.10810937500000001 0.09910416666666666
0 0.226671875 0.49005208333333333 0.06343750000000001 0.1791458333333333
0 0.8205 0.571375 0.10296875000000001 0.10620833333333332
0 0.986515625 0.5844479166666666 0.026968750000000003 0.07922916666666667
0 0.8941953125 0.5690520833333335 0.044140625 0.0418125
