0 0.17432000000000003 0.4814749262536873 0.34704 0.3876106194690266
0 0.50187 0.4572861356932153 0.11678000000000001 0.15882005899705015
0 0.62575 0.49976401179941005 0.12894 0.06666666666666667
0 0.41476999999999997 0.41022123893805307 0.0725 0.14374631268436577
0 0.5714199999999999 0.41617994100294986 0.0798 0.09589970501474926
0 0.61189 0.42386430678466075 0.04818 0.03286135693215339
0 0.7164600000000001 0.4577286135693215 0.09795999999999999 0.06471976401179941
0 0.6585599999999999 0.44091445427728615 0.06028 0.054395280235988205
0 0.34670999999999996 0.4642330383480826 0.1225 0.29519174041297935
0 0.60601 0.45877581120943955 0.08954000000000001 0.04185840707964601
