0 0.5961484375 0.4107042253521127 0.273171875 0.811924882629108
0 0.505078125 0.510093896713615 0.11253125 0.13464788732394367
0 0.6987656250000001 0.6395539906103286 0.25040625 0.29845070422535214
0 0.9564218750000001 0.770399061032864 0.08684375 0.15741784037558687
0 0.2997734375 0.512511737089202 0.036703124999999996 0.05046948356807512
0 0.8219140625 0.703262910798122 0.081421875 0.13741784037558685
0 0.15226562500000002 0.4692723004694836 0.0144375 0.03507042253521127
0 0.26305468750000005 0.4723943661971831 0.009453125 0.009483568075117372
0 0.2512578125 0.4603990610328639 0.010640625 0.018450704225352114
0 0.3254296875 0.4557042253521127 0.011734375 0.019859154929577467
0 0.22582812500000002 0.4600469483568075 0.010625 0.032582159624413146
