0 0.4802734375 0.7565384615384617 0.031703125 0.013451143451143451
0 0.40800000000000003 0.7364760914760915 0.014000000000000002 0.0413929313929314
0 0.2230078125 0.7324220374220375 0.015046875000000001 0.054490644490644495
0 0.5446015625 0.7422141372141372 0.008796875000000001 0.02525987525987526
0 0.576234375 0.7385862785862786 0.018218750000000002 0.03384615384615385
0 0.5940000000000001 0.735977130977131 0.014656250000000003 0.03282744282744283
0 0.6169609375 0.7423492723492724 0.007390625000000001 0.025571725571725573
0 0.6472109375 0.7368711018711019 0.020984375 0.0341995841995842
0 0.6673046875 0.749989604989605 0.017328125 0.013076923076923078
0 0.7070078125000001 0.7342099792099792 0.011328125000000001 0.0361954261954262
0 0.8193046875000001 0.7378898128898129 0.009390625 0.023180873180873182
0 0.7705937500000001 0.732962577962578 0.012562499999999999 0.03948024948024948
0 0.7238515625 0.737848232848233 0.021265625 0.031122661122661127
0 0.53046875 0.7577962577962578 0.9046875000000001 0.10602910602910603
