0 0.6861875 0.5366030534351145 0.11721875 0.05083969465648855
0 0.7976562500000001 0.5189694656488549 0.09818750000000001 0.03511450381679389
0 0.6151171875000001 0.5074809160305344 0.062640625 0.03625954198473282
0 0.43928125 0.5079961832061068 0.09709375 0.03400763358778626
0 0.43357031250000005 0.4895419847328244 0.05467187500000001 0.02099236641221374
0 0.34260937500000005 0.49282442748091604 0.06346875 0.026259541984732824
0 0.5556875000000001 0.4926145038167939 0.06634375 0.04927480916030534
0 0.49884375000000003 0.5030916030534351 0.021500000000000002 0.028931297709923663
0 0.625484375 0.4869656488549618 0.08134375 0.04759541984732824
0 0.693421875 0.5175763358778626 0.08837500000000001 0.02896946564885496
0 0.7045703125 0.49656488549618316 0.08173437500000001 0.02717557251908397
0 0.46042187500000004 0.4866603053435114 0.006875000000000001 0.027442748091603054
0 0.4453125 0.45992366412213737 0.040625 0.019083969465648856
