0 0.5685859375 0.5797546728971962 0.08326562500000001 0.10978971962616822
0 0.892 0.8344742990654206 0.21600000000000003 0.3083878504672897
0 0.2396953125 0.798878504672897 0.47339062500000006 0.37976635514018686
0 0.809796875 0.6283995327102803 0.37875000000000003 0.20904205607476634
0 0.5785546874999999 0.5555607476635513 0.20454687500000002 0.12742990654205608
0 0.20103125 0.46595794392523365 0.09490625000000001 0.03827102803738317
0 0.28629687500000006 0.4706542056074766 0.03259375 0.01308411214953271
0 0.4992734375000001 0.4762967289719626 0.133359375 0.04464953271028037
0 0.0396015625 0.47476635514018684 0.079203125 0.06032710280373831
0 0.1152578125 0.47098130841121494 0.078578125 0.026214953271028036
