0 0.26515625 0.9008578431372549 0.13465625 0.021372549019607844
0 0.15442187500000004 0.6383333333333333 0.081125 0.5615686274509804
0 0.028203125000000002 0.7045220588235294 0.056406250000000005 0.3989460784313726
0 0.46160937500000004 0.826642156862745 0.14203125000000003 0.06990196078431372
0 0.5026953125000001 0.857389705882353 0.065046875 0.032965686274509805
0 0.2755390625 0.8683946078431373 0.074453125 0.029681372549019605
0 0.0516015625 0.7693014705882353 0.054015625000000005 0.24384803921568626
0 0.11595312500000002 0.7894117647058823 0.07725 0.19509803921568625
0 0.3435 0.8666544117647059 0.060937500000000006 0.025073529411764706
0 0.37867968750000003 0.854203431372549 0.043578125 0.0358578431372549
