0 0.056528213166144196 0.740670588235294 0.11305642633228839 0.10835294117647057
0 0.1877742946708464 0.7694588235294116 0.20363636363636362 0.038776470588235294
0 0.826873040752351 0.7368941176470588 0.19547021943573667 0.06456470588235294
0 0.13318965517241377 0.6715882352941176 0.11032915360501568 0.02091764705882353
0 0.6614341692789969 0.7131647058823529 0.1475705329153605 0.08397647058823528
0 0.9704467084639498 0.7488588235294118 0.0579153605015674 0.05428235294117647
0 0.11001567398119122 0.6209529411764705 0.06536050156739812 0.04628235294117647
0 0.5831426332288401 0.7009764705882352 0.03600313479623824 0.0912705882352941
0 0.5350940438871474 0.7165647058823529 0.05595611285266458 0.05548235294117646
0 0.39900470219435735 0.6951058823529411 0.1394514106583072 0.06616470588235293
0 0.32176332288401255 0.701635294117647 0.040047021943573666 0.02388235294117647
0 0.3232993730407523 0.6628588235294116 0.1110501567398119 0.09658823529411763
0 0.15900470219435736 0.6003294117647059 0.060391849529780564 0.02188235294117647
0 0.36912225705329155 0.6470588235294117 0.5407523510971787 0.24
