0 0.34010156250000007 0.4621264367816092 0.090796875 0.6028735632183908
0 0.6812031250000001 0.552183908045977 0.050375 0.4051724137931034
0 0.5499843750000001 0.5822126436781608 0.0335 0.3267241379310345
0 0.4774375 0.637816091954023 0.029312500000000005 0.21045977011494252
0 0.6097578124999999 0.6208908045977012 0.045203125000000004 0.24833333333333332
0 0.26156250000000003 0.6899425287356321 0.011187500000000001 0.06954022988505747
0 0.7068828125 0.7133908045977012 0.009578125 0.05758620689655172
0 0.73384375 0.715948275862069 0.014531250000000002 0.05626436781609195
0 0.7523593750000002 0.717471264367816 0.013000000000000001 0.054827586206896546
0 0.1286875 0.6551724137931034 0.01996875 0.15402298850574714
0 0.199 0.6783045977011495 0.021750000000000002 0.11028735632183909
0 0.0378203125 0.6666379310344827 0.013703125 0.11982758620689656
0 0.5632812500000001 0.7126436781609196 0.8390625 0.14942528735632182
