0 0.5295669934640522 0.46289215686274515 0.9408660130718953 0.9068627450980392
0 0.30924836601307193 0.189640522875817 0.09055555555555556 0.06127450980392157
0 0.600375816993464 0.12383169934640523 0.030522875816993464 0.012271241830065359
0 0.7099754901960784 0.18281862745098038 0.10066993464052287 0.1051470588235294
0 0.9461764705882353 0.15041666666666667 0.06620915032679739 0.04155228758169935
0 0.8824101307189542 0.12197712418300655 0.023709150326797386 0.009934640522875817
0 0.5963153594771242 0.3416584967320262 0.2981535947712418 0.2799509803921569
0 0.669044117647059 0.14891339869281048 0.04916666666666667 0.03661764705882353
0 0.6283741830065359 0.13937908496732027 0.05129084967320262 0.03022875816993464
0 0.352140522875817 0.14588235294117646 0.08297385620915033 0.03620915032679739
0 0.8520098039215688 0.15209150326797388 0.019869281045751634 0.009117647058823529
0 0.9096895424836602 0.1147140522875817 0.020718954248366013 0.0073692810457516335
0 0.750874183006536 0.11975490196078431 0.03838235294117647 0.022026143790849675
