0 0.28367 0.46741333333333335 0.11181999999999999 0.045173333333333336
0 0.33729 0.32698666666666665 0.09754 0.04869333333333334
0 0.2755 0.22175999999999998 0.05448 0.014346666666666666
0 0.34590000000000004 0.43581333333333333 0.11059999999999999 0.01632
0 0.4537 0.26049333333333335 0.11112000000000001 0.02717333333333333
0 0.51128 0.34952 0.128 0.04938666666666666
0 0.31053 0.17245333333333332 0.11438 0.03408
0 0.5785800000000001 0.5826266666666667 0.2768 0.06658666666666666
0 0.74517 0.3554133333333333 0.11754 0.05781333333333333
0 0.88422 0.32330666666666663 0.19191999999999998 0.07392
0 0.70996 0.29991999999999996 0.20052 0.07248
0 0.60727 0.48295999999999994 0.17022 0.07034666666666667
0 0.5171 0.8741466666666666 0.28924 0.05677333333333333
0 0.456 0.2866666666666667 0.772 0.44
