0 0.41782031249999996 0.7363529411764707 0.033828125 0.04776470588235294
0 0.368390625 0.7544509803921569 0.017875 0.008784313725490198
0 0.31872656250000003 0.7415686274509805 0.043453125 0.042039215686274514
0 0.7396171874999999 0.8094803921568627 0.029546875 0.017235294117647057
0 0.24969531250000002 0.7526764705882353 0.034171875000000004 0.01515686274509804
0 0.4496171875 0.7529019607843136 0.021859375 0.011137254901960783
0 0.21564843749999998 0.751 0.022015625 0.015058823529411763
0 0.7784921875 0.7616176470588234 0.014078125 0.010372549019607843
0 0.27697656249999997 0.758343137254902 0.041796875000000004 0.013588235294117646
0 0.24317968750000005 0.7317450980392158 0.008953125000000001 0.033215686274509805
0 0.6092734375000001 0.7886470588235294 0.06498437500000001 0.026941176470588236
0 0.28221875 0.7462058823529412 0.01253125 0.0126078431372549
0 0.42500000000000004 0.7774509803921569 0.584375 0.06862745098039216
