0 0.5763671875 0.7380829596412556 0.271265625 0.08199551569506726
0 0.2669296875 0.7112892376681614 0.24426562500000004 0.177914798206278
0 0.16546093750000002 0.5371636771300448 0.06526562500000001 0.12347533632286996
0 0.32804687500000007 0.5081390134529148 0.15496875000000002 0.29838565022421526
0 0.5741171875000001 0.7063677130044843 0.145140625 0.05820627802690583
0 0.5350781250000001 0.5345179372197308 0.146375 0.36594170403587445
0 0.8917421875000001 0.6229932735426008 0.14889062500000003 0.062847533632287
0 0.50821875 0.524091928251121 0.11368750000000001 0.2630269058295964
0 0.7541953125 0.6038789237668161 0.078203125 0.02434977578475336
0 0.098796875 0.5902242152466368 0.04803125 0.05291479820627803
0 0.8043359375 0.574372197309417 0.07845312500000001 0.13417040358744395
0 0.6436640625000001 0.5727578475336322 0.062046875 0.03923766816143498
0 0.6971171875000001 0.5900112107623318 0.051109375000000005 0.03446188340807175
