0 0.26340625 0.7516042154566744 0.3030625 0.11355971896955504
0 0.1784453125 0.39971896955503516 0.069953125 0.027494145199063232
0 0.2799921875 0.36336065573770493 0.034578125 0.013419203747072601
0 0.3965234375 0.4417564402810305 0.144109375 0.1325526932084309
0 0.8808828125 0.4815456674473068 0.194515625 0.25592505854800934
0 0.5988203125 0.5308665105386416 0.14660937500000001 0.06913348946135832
0 0.13411718749999998 0.3703395784543325 0.03673437500000001 0.01702576112412178
0 0.5852421874999999 0.437423887587822 0.122359375 0.038501170960187354
0 0.8520781250000001 0.4415573770491803 0.12271875000000002 0.08011709601873536
0 0.14265625 0.5396838407494146 0.17465625 0.23295081967213113
0 0.1351640625 0.5037939110070258 0.19592187500000002 0.11822014051522248
0 0.44478906250000005 0.5091217798594848 0.131796875 0.056791569086651054
0 0.9306171875000001 0.39706088992974237 0.125296875 0.036463700234192035
0 0.5 0.44028103044496486 0.9968750000000001 0.2529274004683841
