0 0.052640624999999996 0.5073614775725594 0.0318125 0.014775725593667544
0 0.14183593749999998 0.501240105540897 0.017546875 0.014828496042216359
0 0.169203125 0.5023614775725593 0.015218750000000001 0.01116094986807388
0 0.18823437500000004 0.5014775725593668 0.013406250000000001 0.008284960422163588
0 0.2921328125 0.503641160949868 0.012421875 0.011187335092348285
0 0.23228125 0.5114379947229551 0.01553125 0.01633245382585752
0 0.2705078125 0.5054221635883905 0.023390625 0.029630606860158313
0 0.3102109375 0.5058707124010554 0.010484375 0.0212401055408971
0 0.0160546875 0.4972691292875989 0.010546875 0.013852242744063324
0 0.8894140625000001 0.4803298153034301 0.009046875000000001 0.03274406332453826
0 0.8184843749999999 0.49358839050131925 0.014531250000000002 0.017361477572559365
0 0.7806796875 0.4927704485488127 0.008921875000000001 0.016411609498680736
0 0.0730625 0.5002902374670185 0.01978125 0.009868073878627969
0 0.49609375 0.49868073878627966 0.9609375 0.05804749340369393
