0 0.5462899999999999 0.828235294117647 0.0443 0.04717647058823529
0 0.60119 0.5583823529411764 0.03358 0.027705882352941177
0 0.57402 0.5340588235294118 0.016239999999999997 0.03888235294117647
0 0.5550799999999999 0.6997205882352941 0.037840000000000006 0.08461764705882353
0 0.7849700000000001 0.7336911764705882 0.03554 0.09173529411764707
0 0.21146 0.7385588235294118 0.04432 0.1001764705882353
0 0.04784000000000001 0.6477205882352941 0.04084 0.026558823529411763
0 0.3911 0.7313676470588236 0.0342 0.02161764705882353
0 0.8825900000000001 0.7028382352941176 0.03678 0.023441176470588233
0 0.6799499999999999 0.5873676470588235 0.04958 0.05467647058823529
0 0.9492099999999999 0.6224264705882353 0.03762 0.08661764705882352
0 0.74838 0.6102794117647059 0.04352 0.0376764705882353
0 0.546 0.5485294117647058 0.86 0.23823529411764705
