0 0.7748515625 0.715070588235294 0.448953125 0.3217176470588235
0 0.06346093750000001 0.7247058823529411 0.09748437500000001 0.05355294117647059
0 0.3715390625 0.7005882352941176 0.348265625 0.09472941176470587
0 0.4524609375000001 0.7543294117647058 0.20085937500000003 0.1391529411764706
0 0.2862265625 0.6824588235294118 0.09117187500000001 0.07710588235294118
0 0.15871093749999998 0.7003882352941176 0.120421875 0.05225882352941176
0 0.1815 0.6293529411764706 0.1595 0.11272941176470587
0 0.16253906250000003 0.7241999999999998 0.075515625 0.053952941176470585
0 0.9230312500000001 0.6173529411764705 0.1539375 0.08910588235294116
0 0.45399218750000003 0.6411294117647058 0.213328125 0.09275294117647058
0 0.45153125000000005 0.6893411764705881 0.16584375 0.05355294117647059
