0 0.7291328125000001 0.4439285714285714 0.37698437500000004 0.8878571428571428
0 0.9249218749999999 0.7095918367346937 0.15015625 0.20265306122448978
0 0.03103125 0.5798852040816326 0.049968750000000006 0.08543367346938775
0 0.52715625 0.5493367346938774 0.12403125 0.11520408163265304
0 0.14709375 0.5226147959183673 0.028125 0.039464285714285716
0 0.23297656250000004 0.49693877551020404 0.056109374999999996 0.03469387755102041
0 0.0484296875 0.5810331632653061 0.033796875 0.04880102040816326
0 0.06912499999999999 0.5632908163265306 0.0564375 0.06933673469387755
0 0.11199999999999999 0.5608801020408163 0.04371875 0.0549234693877551
0 0.17925000000000002 0.5145535714285714 0.04596875 0.04614795918367347
0 0.4652421875 0.5720663265306122 0.021828125000000004 0.04336734693877551
0 0.31031250000000005 0.4724872448979592 0.043312500000000004 0.03206632653061224
0 0.5 0.47959183673469385 0.9968750000000001 0.5051020408163265
