0 0.47310937499999994 0.5607549234135667 0.21934375 0.2174835886214442
0 0.6470625000000001 0.19012035010940917 0.13046875 0.37529540481400436
0 0.9150546875000001 0.2172866520787746 0.169265625 0.4296280087527352
0 0.08996875 0.275054704595186 0.04803125 0.024726477024070024
0 0.21140625000000002 0.24185995623632384 0.12709375 0.17798687089715537
0 0.3190859375 0.1871663019693654 0.11189062500000001 0.37170678336980306
0 0.398109375 0.20533916849015318 0.0745 0.061750547045951856
0 0.4745234375000001 0.1435120350109409 0.095421875 0.28645514223194746
0 0.5562578125000001 0.2825492341356674 0.125578125 0.09547045951859956
0 0.72584375 0.24446389496717724 0.10675 0.06783369803063458
0 0.2852421875 0.14293216630196937 0.072609375 0.10166301969365427
0 0.9547265625 0.2333369803063457 0.044078125 0.03210065645514223
0 0.148484375 0.15544857768052514 0.0526875 0.2213129102844639
