0 0.4935 0.46767708333333335 0.07528125000000001 0.04972916666666667
0 0.2839140625 0.47461458333333334 0.119359375 0.06739583333333334
0 0.43200000000000005 0.43381250000000005 0.13853125 0.08366666666666665
0 0.12234375000000003 0.49921875 0.12821875000000002 0.05481249999999999
0 0.6387812500000001 0.41015625 0.07375000000000001 0.07797916666666667
0 0.8257187500000001 0.40584375 0.03540625 0.02802083333333333
0 0.6959843750000001 0.4168125 0.051937500000000004 0.04729166666666666
0 0.5514765625 0.42309375 0.088234375 0.07447916666666667
0 0.742359375 0.4121979166666667 0.04271875 0.03927083333333334
0 0.8576328125 0.40272916666666664 0.024484375000000003 0.023916666666666666
0 0.7796328125 0.40987499999999993 0.029171875000000003 0.036125
0 0.8713593750000002 0.394 0.018625 0.026916666666666665
0 0.802078125 0.40704166666666663 0.0206875 0.030375
