0 0.2879921875 0.7526985981308412 0.32620312500000004 0.24908878504672896
0 0.8355625 0.7962616822429905 0.3035625 0.37976635514018686
0 0.5865 0.5772079439252337 0.15934375 0.04754672897196262
0 0.8042343750000001 0.5828387850467289 0.037 0.042733644859813076
0 0.6056953125 0.5041939252336448 0.024296875000000002 0.01619158878504673
0 0.6295234375000001 0.4953387850467289 0.013390625000000001 0.007920560747663551
0 0.76371875 0.5001869158878504 0.01409375 0.01247663551401869
0 0.6443984375 0.488446261682243 0.013578125 0.014929906542056073
0 0.75453125 0.48403037383177566 0.012750000000000001 0.015630841121495327
0 0.671125 0.48018691588785045 0.01153125 0.009439252336448597
0 0.6919296875000001 0.4738901869158878 0.009015625 0.013200934579439253
