0 0.6466796875 0.6207728337236533 0.706640625 0.47044496487119436
0 0.7788671875000001 0.33414519906323187 0.44226562500000005 0.15728337236533957
0 0.8774062499999999 0.2798126463700234 0.2451875 0.20679156908665106
0 0.5879375 0.24216627634660423 0.15281250000000002 0.07590163934426229
0 0.17422656250000002 0.43038641686182666 0.34845312500000003 0.17847775175644026
0 0.15596875 0.3505854800936768 0.3119375 0.11854800936768149
0 0.0997109375 0.3295316159250586 0.199421875 0.08074941451990632
0 0.356109375 0.25085480093676815 0.027312500000000003 0.017775175644028102
0 0.40871875 0.24612412177985948 0.027500000000000004 0.021381733021077286
0 0.7607734375 0.4853629976580796 0.478453125 0.12946135831381733
0 0.5061640625000001 0.2563466042154567 0.044640625 0.034473067915690866
0 0.5024687500000001 0.7098829039812646 0.9950625000000001 0.5407494145199063
0 0.43650781250000004 0.24570257611241217 0.029671875 0.021756440281030444
0 0.54140625 0.23536299765807964 0.5234375 0.07259953161592506
