0 0.55983 0.7371746031746031 0.22490000000000002 0.09111111111111111
0 0.55496 0.673873015873016 0.1714 0.02850793650793651
0 0.90559 0.5535555555555556 0.1423 0.06323809523809525
0 0.72323 0.606111111111111 0.15786000000000003 0.06079365079365079
0 0.88543 0.537984126984127 0.12414 0.06942857142857144
0 0.66179 0.6677619047619048 0.14978 0.08904761904761906
0 0.82038 0.39350793650793653 0.07732 0.03482539682539683
0 0.7849300000000001 0.5036825396825396 0.08538 0.04698412698412699
0 0.7782300000000001 0.4524126984126985 0.1047 0.06501587301587301
0 0.80862 0.4408888888888889 0.112 0.039746031746031744
0 0.71669 0.5597619047619048 0.13713999999999998 0.06796825396825397
0 0.82862 0.4762222222222222 0.07428 0.02901587301587302
0 0.545 0.7043492063492064 0.20848 0.05212698412698413
0 0.963 0.42698412698412697 0.07 0.09841269841269841
