0 0.7035390625 0.8814252336448597 0.200984375 0.19154205607476635
0 0.43618750000000006 0.7461331775700935 0.09631250000000001 0.10890186915887849
0 0.36614062500000005 0.639731308411215 0.09225 0.035817757009345794
0 0.17230468750000003 0.7406191588785046 0.10804687500000001 0.21128504672897197
0 0.3916640625 0.5413317757009345 0.010734375 0.011682242990654205
0 0.41385937500000003 0.5782126168224299 0.00684375 0.010957943925233644
0 0.22629687499999998 0.6481658878504671 0.11996875000000001 0.09936915887850467
0 0.2950234375 0.5955257009345793 0.032546874999999996 0.024883177570093458
0 0.47968750000000004 0.6444509345794394 0.041281250000000005 0.019742990654205605
0 0.5319921875000001 0.6755140186915888 0.047859375 0.03088785046728972
0 0.232921875 0.5820560747663551 0.038187500000000006 0.0261214953271028
0 0.3327578125 0.5394976635514018 0.018234375 0.015911214953271025
