0 0.39016999999999996 0.43048000000000003 0.12642 0.34832
0 0.29353 0.53444 0.08258 0.05842666666666667
0 0.0713 0.45183999999999996 0.0718 0.16234666666666667
0 0.62842 0.4985333333333333 0.033600000000000005 0.013226666666666666
0 0.67691 0.49279999999999996 0.02262 0.010026666666666666
0 0.51267 0.4718533333333333 0.12329999999999999 0.20946666666666666
0 0.91732 0.48990666666666666 0.0454 0.033626666666666666
0 0.88137 0.39919999999999994 0.03614 0.20751999999999998
0 0.65346 0.4979333333333333 0.02152 0.013786666666666666
0 0.11228 0.5392399999999999 0.04164 0.013413333333333334
