0 0.7466015625000001 0.6791917808219178 0.4590468750000001 0.15553424657534248
0 0.511328125 0.6777808219178083 0.0538125 0.03282191780821918
0 0.19653125000000002 0.6233698630136987 0.04565625 0.1187945205479452
0 0.35171875 0.623027397260274 0.05462500000000001 0.11800000000000001
0 0.030859375 0.6149041095890411 0.0488125 0.11145205479452054
0 0.5358359375 0.6002876712328767 0.043640625 0.14643835616438358
0 0.2413984375 0.6477534246575343 0.046703125000000005 0.010958904109589041
0 0.4390859375 0.6452191780821918 0.047296875 0.02336986301369863
0 0.9735468750000001 0.6571369863013699 0.039718750000000004 0.02041095890410959
0 0.8103515625000001 0.6326986301369864 0.038265625 0.09608219178082192
0 0.8563984375000001 0.6615753424657534 0.058046875 0.02002739726027397
0 0.21878906250000002 0.6591369863013699 0.056015625000000006 0.011205479452054794
0 0.31893750000000004 0.6017260273972602 0.03390625 0.11950684931506848
0 0.884375 0.626027397260274 0.22812500000000002 0.052054794520547946
