0 0.92621875 0.9349479166666667 0.0773125 0.06335416666666667
0 0.21468750000000003 0.9488854166666666 0.10309375000000001 0.0986875
0 0.415453125 0.7992708333333334 0.11615625000000002 0.029041666666666664
0 0.30342968750000004 0.8223645833333334 0.068234375 0.04889583333333333
0 0.906421875 0.7691041666666667 0.06706250000000001 0.02704166666666667
0 0.8890156250000001 0.8718854166666667 0.067 0.04622916666666667
0 0.21935156249999999 0.8318645833333332 0.11176562500000001 0.09127083333333334
0 0.8626250000000001 0.7625833333333333 0.07090625 0.0235
0 0.9901328125000002 0.8266145833333334 0.019734375000000002 0.03947916666666666
0 0.5292890625000001 0.8935000000000001 0.10314062500000001 0.0655
0 0.592609375 0.8341041666666666 0.07968750000000001 0.06304166666666666
0 0.739125 0.7643229166666666 0.1473125 0.09006249999999999
0 0.9868593749999999 0.76625 0.026281250000000003 0.06245833333333333
