0 0.67715625 0.5738229166666666 0.079875 0.028187499999999997
0 0.2491875 0.61175 0.10309375000000001 0.0445
0 0.264578125 0.5124583333333333 0.044562500000000005 0.02020833333333333
0 0.13184375 0.5926458333333333 0.14681249999999998 0.08495833333333333
0 0.5108281250000001 0.6335208333333333 0.15231250000000002 0.11804166666666666
0 0.8493437500000001 0.71184375 0.1018125 0.10522916666666667
0 0.902828125 0.7281666666666666 0.035625000000000004 0.041124999999999995
0 0.95284375 0.5927916666666667 0.09431250000000001 0.03191666666666667
0 0.43085937500000004 0.6319374999999999 0.0866875 0.094
0 0.8710703124999999 0.5781666666666667 0.07710937500000001 0.02625
0 0.20925781250000003 0.59753125 0.070359375 0.0444375
0 0.7658203125 0.5512708333333334 0.07854687500000002 0.037625
0 0.3041640625 0.5037395833333334 0.067859375 0.028187499999999997
