0 0.5131572769953051 0.49887499999999996 0.276830985915493 0.0584375
0 0.065 0.4521484375 0.1264319248826291 0.022484375
0 0.4277582159624413 0.4250234375 0.05213615023474179 0.015265625
0 0.5035446009389671 0.42332812500000006 0.031408450704225356 0.006
0 0.47834507042253516 0.75575 0.6021830985915493 0.12025
0 0.07150234741784038 0.4214609375 0.03572769953051643 0.012015625000000002
0 0.1095305164319249 0.4167187500000001 0.023098591549295774 0.01028125
0 0.1332511737089202 0.41816406250000004 0.031244131455399064 0.015921875
0 0.27646713615023477 0.42378125 0.03936619718309859 0.00803125
0 0.5582511737089203 0.4248515625 0.0537793427230047 0.012171875
0 0.3877699530516432 0.4207421875 0.04258215962441315 0.014484375
0 0.743556338028169 0.40486718750000006 0.06185446009389672 0.055984375
0 0.6388262910798121 0.41089843750000005 0.049248826291079816 0.047765625000000006
0 0.5833333333333334 0.40078125000000003 0.8286384976525821 0.08281250000000001
