0 0.48854687500000005 0.6574930747922437 0.052125000000000005 0.03831024930747923
0 0.5078359375 0.7003185595567867 0.064421875 0.03659279778393352
0 0.2554921875 0.6800277008310249 0.062671875 0.07601108033240997
0 0.3428359375 0.6554432132963989 0.053234375 0.038864265927977835
0 0.18799218750000002 0.6616759002770083 0.026515625 0.023130193905817175
0 0.34507031250000003 0.7096398891966759 0.048671875 0.025761772853185597
0 0.166984375 0.6689196675900276 0.02409375 0.029806094182825486
0 0.032578125000000006 0.6679778393351801 0.0229375 0.025817174515235457
0 0.7016484375 0.6554016620498615 0.027265625 0.03529085872576177
0 0.6371015625 0.668421052631579 0.016359375000000002 0.02110803324099723
0 0.391171875 0.6636149584487535 0.017625 0.029667590027700832
0 0.4440546875 0.657409972299169 0.032359375 0.027562326869806093
0 0.061828125000000005 0.6748476454293629 0.01553125 0.024986149584487534
