0 0.626125 0.5954999999999999 0.0960625 0.035958333333333335
0 0.781 0.5696041666666666 0.10412500000000001 0.204125
0 0.7342421875 0.5291666666666667 0.011578125000000002 0.010291666666666668
0 0.5363593750000001 0.4879583333333333 0.040375 0.09241666666666666
0 0.46947656249999997 0.49394791666666665 0.026640625 0.06639583333333333
0 0.09828906250000001 0.6378020833333333 0.10345312499999999 0.035770833333333335
0 0.22768750000000001 0.5145729166666666 0.01715625 0.014895833333333334
0 0.8290000000000002 0.526375 0.014374999999999999 0.008291666666666666
0 0.874546875 0.5072395833333334 0.008 0.008020833333333333
0 0.9735625000000001 0.50721875 0.01684375 0.0116875
