0 0.31003125000000004 0.25148418491484187 0.16053125000000001 0.15090024330900245
0 0.7767343750000001 0.23029197080291972 0.21687500000000004 0.1337226277372263
0 0.9284453125 0.22734793187347932 0.112703125 0.05489051094890511
0 0.10378125 0.1886861313868613 0.074125 0.027201946472019466
0 0.16816406250000002 0.18110705596107057 0.069140625 0.023138686131386862
0 0.19966406250000002 0.1229683698296837 0.039078125000000005 0.122676399026764
0 0.9421250000000001 0.27300486618004866 0.10940625 0.04970802919708029
0 0.44159375 0.574647201946472 0.3145625 0.35503649635036494
0 0.9847265625000001 0.22525547445255475 0.030546875 0.048369829683698295
0 0.23496875 0.5065085158150852 0.24584375000000003 0.23437956204379562
0 0.5109375 0.25060827250608275 0.9750000000000001 0.23357664233576642
