0 0.4338984375 0.4595806451612903 0.09885937500000001 0.15148387096774193
0 0.51109375 0.35100000000000003 0.058812500000000004 0.1053548387096774
0 0.58240625 0.22614516129032258 0.10315625 0.07680645161290323
0 0.7122734375 0.21862903225806454 0.15285937500000002 0.14467741935483872
0 0.7420390625000001 0.1553709677419355 0.080421875 0.05919354838709678
0 0.8467890625 0.16648387096774192 0.041890625 0.05806451612903226
0 0.8956250000000001 0.25187096774193546 0.0773125 0.09890322580645161
0 0.8484765625 0.6879354838709677 0.295203125 0.2076774193548387
0 0.49790625000000005 0.6664677419354839 0.17246875 0.11338709677419355
0 0.2033828125 0.5675806451612903 0.130765625 0.08748387096774193
0 0.0756875 0.31941935483870965 0.151375 0.1112258064516129
0 0.299859375 0.3252903225806451 0.09559375 0.10961290322580644
0 0.4894609375 0.08004838709677418 0.119515625 0.08138709677419355
0 0.41953125 0.26129032258064516 0.6640625 0.4967741935483871
