0 0.21853483606557378 0.8408046875 0.3618237704918033 0.11126562499999999
0 0.2955225409836066 0.673765625 0.40284836065573776 0.06503125
0 0.22743852459016395 0.5853671875 0.39327868852459014 0.06710937500000001
0 0.48321721311475413 0.521046875 0.4530737704918033 0.07653125
0 0.6593749999999999 0.40553906250000005 0.2951024590163934 0.048609375
0 0.503125 0.3607890625 0.33915983606557376 0.047703125000000006
0 0.607233606557377 0.3435546875 0.24532786885245902 0.04454687500000001
0 0.5261475409836066 0.23639843750000003 0.384344262295082 0.078140625
0 0.11198770491803281 0.0561796875 0.1650409836065574 0.062921875
0 0.617858606557377 0.32122656250000003 0.30866803278688526 0.043234375000000005
