0 0.0630234375 0.6765330188679244 0.12410937500000002 0.09740566037735848
0 0.1244921875 0.6819693396226414 0.079890625 0.07941037735849056
0 0.2343359375 0.6676650943396225 0.06804687499999999 0.09292452830188679
0 0.9708671875000001 0.6560259433962263 0.051640624999999996 0.02742924528301887
0 0.727640625 0.6642334905660376 0.056031250000000005 0.08318396226415095
0 0.6172968750000001 0.6633372641509434 0.04021875 0.060683962264150945
0 0.153078125 0.6881367924528302 0.10865625000000001 0.12900943396226416
0 0.3173515625000001 0.6607665094339623 0.07192187500000001 0.06856132075471698
0 0.37292968750000005 0.6633490566037735 0.054078125000000005 0.05193396226415094
0 0.8910859375000002 0.6506603773584906 0.017390625000000003 0.034858490566037736
0 0.5642343750000001 0.6738915094339623 0.065625 0.043820754716981124
0 0.6594140625000001 0.675247641509434 0.051109375000000005 0.04747641509433962
0 0.03237500000000001 0.7226061320754716 0.062875 0.08308962264150942
0 0.6117187500000001 0.6650943396226415 0.6890625 0.07075471698113207
