0 0.49550781250000003 0.8490555555555557 0.15926562500000002 0.1842777777777778
0 0.4014609375 0.8246388888888889 0.145359375 0.13033333333333336
0 0.32090625 0.7928194444444445 0.12815625 0.13780555555555557
0 0.13210156250000002 0.6941111111111111 0.186796875 0.17494444444444443
0 0.42411718750000005 0.47600000000000003 0.119390625 0.12100000000000001
0 0.8947265625 0.8661111111111112 0.15760937500000002 0.14233333333333334
0 0.9467812499999999 0.5392361111111111 0.07825 0.06230555555555556
0 0.8035234375 0.5085138888888889 0.06185937500000001 0.07502777777777779
0 0.2815078125 0.7568888888888889 0.175515625 0.13944444444444445
0 0.18002343750000002 0.7507222222222222 0.145171875 0.12355555555555556
0 0.028765625000000003 0.6420972222222222 0.057531250000000006 0.15030555555555555
0 0.6853281250000001 0.4973611111111111 0.05775 0.06622222222222222
0 0.7302343750000001 0.5016944444444446 0.03390625 0.04700000000000001
0 0.73203125 0.4638888888888889 0.5328125 0.2388888888888889
