0 0.5870234375 0.24019874476987446 0.043890625 0.009393305439330544
0 0.5615546875 0.23356694560669453 0.032109375 0.0067991631799163175
0 0.5043046875000001 0.2444665271966527 0.035265625 0.01939330543933054
0 0.47127343750000006 0.24021966527196648 0.036953124999999996 0.009435146443514644
0 0.8012421875 0.2242887029288703 0.028953125000000003 0.0070292887029288695
0 0.38500781250000005 0.2503451882845188 0.07754687500000002 0.020774058577405854
0 0.4217109375 0.23603556485355645 0.020890625 0.00813807531380753
0 0.49871093750000006 0.22491631799163178 0.024078125000000002 0.013472803347280335
0 0.39903906250000004 0.23511506276150626 0.013234375000000001 0.006380753138075313
0 0.4703281250000001 0.2318723849372385 0.04075 0.014288702928870292
0 0.845109375 0.21144351464435146 0.0355 0.020711297071129706
0 0.978609375 0.21902719665271966 0.0423125 0.014623430962343096
0 0.6328125 0.2228033472803347 0.6000000000000001 0.048117154811715475
