0 0.2568515625 0.49393181818181814 0.215328125 0.19463636363636364
0 0.5548046875 0.5502159090909091 0.41435937500000003 0.23024999999999998
0 0.3513671875 0.4021931818181818 0.11779687500000001 0.03729545454545454
0 0.5739609375000001 0.3765909090909091 0.066921875 0.05818181818181818
0 0.7685625 0.40471590909090904 0.0558125 0.04388636363636363
0 0.7247421875 0.4045909090909091 0.030703124999999998 0.02781818181818182
0 0.7053515625000001 0.3891136363636364 0.054078125000000005 0.037636363636363634
0 0.6780625 0.37369318181818184 0.01915625 0.028204545454545454
0 0.43739062500000003 0.3854090909090909 0.10065625 0.04327272727272727
0 0.6322890624999999 0.35885227272727266 0.020734375 0.02334090909090909
