0 0.6085703125 0.40749414519906324 0.071671875 0.17850117096018736
0 0.496796875 0.4901170960187354 0.07537500000000001 0.018126463700234192
0 0.7528281250000001 0.41269320843091334 0.0546875 0.15100702576112413
0 0.32909375 0.4858313817330211 0.05246875 0.042716627634660415
0 0.6661250000000001 0.42488290398126466 0.05 0.1349648711943794
0 0.5469921875000001 0.4873653395784543 0.035265625 0.02442622950819672
0 0.4220234375 0.48229508196721316 0.038921875 0.02042154566744731
0 0.3794765625 0.4849180327868853 0.038984375 0.018173302107728335
0 0.23878906249999998 0.48427400468384074 0.048265625000000006 0.028360655737704916
0 0.19474218750000002 0.48631147540983605 0.017234375 0.017681498829039813
0 0.7065156250000001 0.4755269320843092 0.040343750000000005 0.018969555035128805
0 0.279109375 0.4913583138173302 0.034999999999999996 0.016252927400468384
