0 0.5080468750000001 0.6372355769230769 0.09625 0.1103846153846154
0 0.6740312500000001 0.52625 0.0625 0.03355769230769231
0 0.674109375 0.4940264423076923 0.03715625 0.021514423076923077
0 0.8299687500000001 0.5137860576923077 0.14284375000000002 0.1983413461538462
0 0.18055468750000003 0.5555528846153847 0.181359375 0.22221153846153846
0 0.7262109375 0.5705649038461539 0.061765625000000005 0.06021634615384616
0 0.6017578125 0.5143990384615386 0.083421875 0.07870192307692309
0 0.9426953124999999 0.5422115384615385 0.081421875 0.07620192307692308
0 0.34840625000000003 0.5808052884615384 0.181125 0.1869471153846154
0 0.076265625 0.5847115384615386 0.12271875000000002 0.10096153846153846
0 0.443390625 0.5069831730769231 0.06078125 0.11391826923076924
0 0.075265625 0.5141586538461539 0.021906250000000002 0.031538461538461536
