0 0.547984375 0.5552078774617069 0.11071875 0.07641137855579869
0 0.7566640625000001 0.5741466083150985 0.092265625 0.0774398249452954
0 0.23470312499999998 0.6163129102844639 0.1236875 0.04702407002188183
0 0.31472656250000003 0.5255032822757112 0.110921875 0.07074398249452954
0 0.8737265625000001 0.39831509846827134 0.072203125 0.26065645514223196
0 0.10228906250000001 0.5112582056892779 0.136921875 0.07078774617067833
0 0.5593984375 0.40263676148796496 0.054515625000000005 0.17442013129102843
0 0.6911953125000001 0.45915754923413565 0.059328125 0.0687746170678337
0 0.5123203125000001 0.45048140043763674 0.043671875 0.04157549234135667
0 0.20681250000000004 0.5253829321663019 0.143125 0.08673960612691466
0 0.41510156249999997 0.4938183807439825 0.06942187500000001 0.05358862144420131
0 0.9147578125000001 0.4478774617067834 0.043328125 0.02564551422319475
0 0.49531250000000004 0.5207877461706784 0.9750000000000001 0.2713347921225383
