0 0.6108125 0.6815450643776825 0.1975625 0.10673819742489271
0 0.7970859375 0.6960729613733906 0.146765625 0.08862660944206008
0 0.4433906250000001 0.7120600858369098 0.064375 0.10454935622317596
0 0.35816406250000005 0.6163412017167381 0.080421875 0.08907725321888411
0 0.05213281250000001 0.5997639484978541 0.103609375 0.04635193133047211
0 0.16855468750000002 0.6703218884120171 0.125546875 0.28454935622317595
0 0.5865312500000001 0.535332618025751 0.0890625 0.05165236051502146
0 0.13692968749999998 0.537156652360515 0.15907812500000001 0.04504291845493562
0 0.35280468750000005 0.47138412017167386 0.054859375 0.05010729613733906
0 0.05428125 0.49456008583690986 0.10487500000000001 0.1905364806866953
0 0.5676328125000001 0.6169527896995708 0.072203125 0.05227467811158798
0 0.46328125000000003 0.5601824034334765 0.07750000000000001 0.08869098712446352
0 0.40496093750000006 0.5243991416309013 0.049578125 0.06025751072961373
0 0.977546875 0.5434334763948497 0.04490625 0.02725321888412017
