0 0.6369609375 0.5206944444444445 0.079546875 0.04055555555555555
0 0.8633203125 0.5220138888888889 0.079015625 0.020694444444444442
0 0.8972734375 0.4972685185185185 0.050796875 0.02111111111111111
0 0.8531796875 0.49071759259259257 0.05014062500000001 0.007916666666666666
0 0.7880234375 0.49006944444444445 0.031140625 0.009629629629629629
0 0.4702421875 0.5140740740740741 0.023328125 0.027175925925925926
0 0.34808593750000005 0.5136342592592593 0.025453125 0.03902777777777777
0 0.2338515625 0.48559027777777775 0.017703125 0.007337962962962963
0 0.78246875 0.529050925925926 0.0834375 0.02222222222222222
0 0.4799375000000001 0.49945601851851845 0.018750000000000003 0.013171296296296297
0 0.7407265625 0.5206018518518518 0.041234375000000004 0.014259259259259258
0 0.932078125 0.49038194444444444 0.01675 0.008912037037037036
0 0.542671875 0.4903935185185185 0.014624999999999999 0.008749999999999999
0 0.509375 0.5127314814814814 0.9281250000000001 0.08101851851851852
