0 0.8145 0.6272300469483568 0.13371875 0.05422535211267606
0 0.8893750000000001 0.5701173708920187 0.09128125000000001 0.02976525821596244
0 0.8527187500000001 0.5818427230046949 0.09903125000000002 0.02373239436619718
0 0.5341484375000001 0.5105985915492958 0.065453125 0.028333333333333335
0 0.8046875 0.596349765258216 0.13184375 0.026784037558685445
0 0.8480546875000002 0.5152934272300469 0.019734375000000002 0.024671361502347416
0 0.46314843750000007 0.4828169014084507 0.044046875000000006 0.0612206572769953
0 0.803171875 0.48950704225352115 0.031156250000000003 0.02835680751173709
0 0.9333593750000001 0.5006455399061033 0.047531250000000004 0.02453051643192488
0 0.8862812500000001 0.4628051643192488 0.03678125 0.07284037558685447
0 0.5256015625 0.5916784037558686 0.06526562500000001 0.03312206572769953
0 0.49375 0.5211267605633803 0.9656250000000001 0.12206572769953052
