0 0.519890625 0.5027868852459016 0.18143750000000003 0.07044496487119438
0 0.4076640625 0.5028805620608899 0.113921875 0.04074941451990632
0 0.219390625 0.583887587822014 0.24706250000000002 0.1304449648711944
0 0.262125 0.5051990632318502 0.13271875 0.0922248243559719
0 0.1733046875 0.48676814988290396 0.07442187500000001 0.045995316159250586
0 0.13515625 0.4598711943793911 0.064375 0.029063231850117097
0 0.041625 0.4681615925058548 0.04628125 0.027798594847775172
0 0.9126249999999999 0.9345433255269321 0.17475000000000002 0.13091334894613582
0 0.37064062500000006 0.42983606557377046 0.03446875 0.01939110070257611
0 0.435640625 0.43283372365339584 0.0171875 0.015035128805620608
0 0.5614765625000001 0.43754098360655735 0.05367187500000001 0.01920374707259953
0 0.5876171875 0.4134777517564403 0.030609375 0.03140515222482436
