0 0.2579140625 0.8941463414634147 0.242828125 0.17791574279379158
0 0.4662578125 0.8145011086474502 0.295703125 0.2690022172949002
0 0.687546875 0.8577827050997783 0.2643125 0.16159645232815964
0 0.8816640625000001 0.8279822616407982 0.23435937500000004 0.17702882483370289
0 0.28175781250000004 0.6853436807095344 0.14029687500000002 0.07583148558758315
0 0.076390625 0.8984257206208426 0.15146875 0.17840354767184033
0 0.388734375 0.6440354767184036 0.0914375 0.11982261640798227
0 0.63665625 0.7599002217294901 0.17093750000000002 0.09159645232815965
0 0.18596093749999998 0.5918957871396896 0.108234375 0.06472283813747229
0 0.8985390625000002 0.6078824833702882 0.20292187500000003 0.10206208425720621
0 0.1954765625 0.40893569844789357 0.090515625 0.13521064301552105
0 0.041070312500000004 0.43338137472283816 0.042640625 0.036430155210643016
0 0.1026953125 0.39777161862527716 0.048359375 0.12232815964523282
0 0.17500000000000002 0.48337028824833705 0.34687500000000004 0.31929046563192903
