0 0.7881953125000001 0.5636769230769231 0.11564062500000001 0.06366153846153846
0 0.4947421875000001 0.5584615384615385 0.077265625 0.04252307692307693
0 0.42956250000000007 0.5634461538461538 0.06390625 0.02923076923076923
0 0.66928125 0.5401846153846154 0.04221875 0.02923076923076923
0 0.6130234375 0.5320615384615385 0.021859375 0.010276923076923076
0 0.9388671875000001 0.4892769230769231 0.066640625 0.15996923076923078
0 0.885640625 0.5379384615384616 0.042375 0.03298461538461539
0 0.7446171874999999 0.5451692307692307 0.05517187500000001 0.027753846153846153
0 0.552171875 0.5427384615384616 0.03184375 0.023261538461538462
0 0.4505156250000001 0.5384923076923077 0.02921875 0.0064
0 0.4931328125000001 0.47115384615384615 0.073640625 0.15252307692307693
0 0.21334375 0.5069384615384616 0.0569375 0.13664615384615383
0 0.5835625000000001 0.5364615384615384 0.02284375 0.009600000000000001
0 0.49375 0.5353846153846153 0.74375 0.06769230769230769
