0 0.1799921875 0.7369375 0.35935937500000004 0.12191666666666667
0 0.2764609375 0.7247083333333333 0.142453125 0.07275000000000001
0 0.42109375000000004 0.6912916666666666 0.09459375 0.13366666666666666
0 0.9646718750000001 0.7331666666666667 0.07065625 0.229875
0 0.9135468750000002 0.7464479166666667 0.08509375000000001 0.0659375
0 0.49228125 0.7061979166666668 0.026500000000000003 0.06922916666666666
0 0.7707890625 0.6751145833333333 0.034796875 0.0455625
0 0.3966875 0.7456458333333333 0.03878125 0.03583333333333333
0 0.5020625 0.690625 0.09278125000000001 0.07908333333333334
0 0.82175 0.7051458333333334 0.031625 0.010125
0 0.8013593750000001 0.66084375 0.03709375 0.0899375
0 0.34353906250000005 0.72834375 0.03779687500000001 0.020104166666666666
0 0.5101484375 0.6816354166666667 0.084984375 0.043187500000000004
0 0.60859375 0.596875 0.7796875000000001 0.39791666666666664
