0 0.43464843750000004 0.5901145833333333 0.037828125000000004 0.011645833333333333
0 0.6512890625000001 0.5269791666666667 0.106734375 0.08658333333333333
0 0.322734375 0.56884375 0.16781250000000003 0.07639583333333333
0 0.529234375 0.55734375 0.09631250000000001 0.0509375
0 0.77834375 0.52578125 0.06109375 0.0588125
0 0.8787734375 0.5087291666666667 0.039828125 0.07695833333333332
0 0.9175156250000001 0.5006041666666666 0.04334375 0.08541666666666667
0 0.18974218750000002 0.5815416666666666 0.11251562500000001 0.11879166666666667
0 0.723296875 0.5343125000000001 0.061 0.05279166666666667
0 0.8308671875000002 0.5255208333333333 0.05645312500000001 0.05
0 0.353265625 0.5483541666666667 0.16200000000000003 0.06966666666666665
0 0.028898437500000002 0.6012291666666666 0.057796875000000004 0.08804166666666666
0 0.5649062499999999 0.5408333333333333 0.09246875 0.040875
0 0.21796875000000002 0.5677083333333334 0.0921875 0.07708333333333334
