0 0.4087109375 0.6853958333333333 0.8140468750000001 0.60675
0 0.1019296875 0.66740625 0.073390625 0.09339583333333333
0 0.48571093750000005 0.5249895833333333 0.088890625 0.1016875
0 0.6149140625 0.5010729166666666 0.054578125000000005 0.0566875
0 0.8838984375 0.5822708333333333 0.091484375 0.13416666666666668
0 0.7644062500000001 0.5341041666666667 0.15771875000000002 0.12716666666666665
0 0.34490625 0.48941666666666667 0.1113125 0.06675
0 0.48092968750000004 0.4759791666666667 0.052703124999999997 0.03395833333333333
0 0.144 0.5850729166666666 0.15390625000000002 0.1206875
0 0.8092656250000001 0.7039687499999999 0.144 0.3112291666666666
0 0.32838281250000007 0.5494375 0.05795312500000001 0.07983333333333334
0 0.753046875 0.6063854166666668 0.10178125 0.11939583333333334
0 0.034515625 0.5759479166666668 0.06903125 0.14022916666666668
0 0.4890625 0.53125 0.9437500000000001 0.25
