0 0.704484375 0.5469416243654822 0.06984375000000001 0.034238578680203045
0 0.7623984375 0.5675761421319796 0.058546875 0.03606598984771574
0 0.6320859375000001 0.4081852791878172 0.011859375 0.016065989847715734
0 0.6772031250000001 0.35911167512690356 0.03821875 0.011675126903553297
0 0.540421875 0.3496319796954314 0.05346875 0.07875634517766497
0 0.5611171875000001 0.35956852791878174 0.080421875 0.04010152284263959
0 0.844546875 0.5898857868020304 0.09196875 0.04119289340101523
0 0.9670468750000002 0.6831725888324873 0.06590625 0.038375634517766495
0 0.9419296875000001 0.4929187817258882 0.06739062500000001 0.04192893401015228
0 0.340625 0.41897208121827406 0.019218750000000003 0.015862944162436547
0 0.7309843750000001 0.4627918781725888 0.024156250000000004 0.016751269035532992
0 0.36457812500000003 0.43894670050761414 0.027625 0.021852791878172587
0 0.8784687500000001 0.38194162436548224 0.09518750000000001 0.02758883248730964
0 0.5554687500000001 0.46700507614213194 0.8234375 0.5025380710659898
