0 0.58615 0.42988000000000004 0.07529999999999999 0.16999999999999998
0 0.69619 0.47064 0.06878000000000001 0.058666666666666666
0 0.34379000000000004 0.48206666666666664 0.05714 0.05026666666666667
0 0.37584000000000006 0.43356 0.04224 0.027013333333333334
0 0.46067 0.4110133333333333 0.024620000000000003 0.09056
0 0.41470999999999997 0.40126666666666666 0.02266 0.1292
0 0.43529 0.43048000000000003 0.03174 0.026186666666666667
0 0.80391 0.4373066666666667 0.0233 0.020159999999999997
0 0.30158999999999997 0.4348533333333333 0.0223 0.024853333333333335
0 0.25455 0.4485466666666667 0.01802 0.016986666666666667
0 0.7261 0.42397333333333337 0.03308 0.06725333333333333
0 0.054400000000000004 0.39576 0.023039999999999998 0.12149333333333334
0 0.5379499999999999 0.3949066666666667 0.04462 0.10618666666666667
0 0.396 0.41333333333333333 0.664 0.112
