0 0.85179 0.30607500000000004 0.05714 0.01905
0 0.88115 0.2638125 0.05026 0.101075
0 0.62474 0.29822499999999996 0.03236 0.0165
0 0.56523 0.3052 0.03546 0.01525
0 0.48583 0.2931125 0.037380000000000004 0.017275000000000002
0 0.73192 0.3032 0.05156 0.0161
0 0.4042700000000001 0.272025 0.0167 0.07015
0 0.33511 0.2723875 0.01558 0.057725
0 0.29346000000000005 0.28795 0.01084 0.0193
0 0.43410000000000004 0.30236250000000003 0.03032 0.012775000000000002
0 0.19753 0.26913750000000003 0.01582 0.074075
0 0.0132 0.2696 0.02272 0.07440000000000001
0 0.084 0.29875 0.128 0.0325
