0 0.521484375 0.4782708333333333 0.017687500000000002 0.019583333333333335
0 0.3057734375 0.4378958333333333 0.046953125000000005 0.08704166666666667
0 0.162984375 0.46371875 0.01715625 0.014604166666666666
0 0.022648437500000004 0.47032291666666665 0.044890625 0.02264583333333333
0 0.48794531249999995 0.4707708333333333 0.015484375000000002 0.018041666666666668
0 0.1842109375 0.4679166666666667 0.022796875 0.0135
0 0.39208593750000004 0.45951041666666664 0.024921875 0.01872916666666667
0 0.41294531250000005 0.45824999999999994 0.017734375 0.014499999999999999
0 0.21371875 0.4671770833333333 0.0355 0.0156875
0 0.4893828125000001 0.4763541666666667 0.010484375 0.005208333333333333
