0 0.32417968750000004 0.6516015625000001 0.24729687500000003 0.146828125
0 0.8629218750000001 0.7426953125 0.27415625000000005 0.231453125
0 0.034953125 0.662234375 0.06990625 0.165
0 0.825828125 0.6207656250000001 0.16921875 0.094875
0 0.0900078125 0.6869609375 0.063234375 0.054203125
0 0.22392187500000002 0.6779296875 0.2103125 0.117390625
0 0.739296875 0.6335625 0.10687500000000001 0.07146875000000001
0 0.7961875 0.5885390625 0.072125 0.044421875
0 0.678859375 0.6476953125 0.05809375 0.017421875
0 0.128453125 0.627859375 0.13665625 0.061406249999999996
