0 0.50096018735363 0.8632109374999999 0.9980796252927401 0.259921875
0 0.3124824355971897 0.6435859375 0.3022014051522248 0.10357812500000002
0 0.6951990632318502 0.6661718750000001 0.6096018735362998 0.0855
0 0.3940749414519907 0.5966328125000001 0.7544730679156909 0.08314062500000001
0 0.4359484777517564 0.5635390625000001 0.40838407494145196 0.029453125000000004
0 0.4530210772833724 0.7247187500000001 0.9060421545667448 0.16403125000000002
0 0.8915573770491804 0.5064140625 0.13126463700234192 0.014921875000000001
0 0.8625995316159252 0.6243359375000002 0.27185011709601875 0.041921875
0 0.5053512880562061 0.5080859375000001 0.14484777517564404 0.015171875000000001
0 0.7138056206088993 0.5197578125 0.2371662763466042 0.024984375000000003
0 0.8685831381733021 0.6021171875000001 0.2628337236533958 0.05176562500000001
0 0.8987236533957845 0.536921875 0.20147540983606557 0.0130625
0 0.48296252927400474 0.554578125 0.5008665105386417 0.02909375
0 0.5023419203747073 0.55859375 0.990632318501171 0.15781250000000002
