0 0.3834782608695652 0.6206796875 0.06690217391304348 0.058265625
0 0.7414402173913043 0.6950468750000001 0.13380434782608697 0.11259375
0 0.5019701086956522 0.6183515625 0.05247282608695652 0.058328125
0 0.5607744565217392 0.6171640625 0.06948369565217391 0.055921875
0 0.6141304347826086 0.6153515625 0.0817391304347826 0.055734375
0 0.7046195652173913 0.8494921875 0.13320652173913045 0.19832812500000002
0 0.33773097826086956 0.5764140625 0.041657608695652174 0.037078125
0 0.38054347826086954 0.5731171875000001 0.043804347826086956 0.032015625
0 0.42361413043478263 0.5733359375 0.059565217391304354 0.033171875
0 0.4604891304347826 0.5718437500000001 0.051956521739130436 0.026875
0 0.4944972826086957 0.5739843750000001 0.08078804347826087 0.0415625
0 0.4412635869565218 0.6193515625 0.051222826086956524 0.05645312500000001
0 0.25407608695652173 0.573546875 0.051195652173913045 0.03215625
0 0.4891304347826087 0.57734375 0.4293478260869565 0.1265625
