0 0.44620312500000003 0.48554166666666665 0.1289375 0.13930555555555554
0 0.2103125 0.3501944444444444 0.078125 0.10955555555555556
0 0.33534375000000005 0.37154166666666666 0.060125 0.052805555555555564
0 0.35267187499999997 0.34663888888888894 0.078375 0.08538888888888889
0 0.45174218750000006 0.3647916666666666 0.030984374999999998 0.02486111111111111
0 0.47628125 0.3480694444444445 0.07946875 0.049972222222222216
0 0.57259375 0.3544305555555556 0.019750000000000004 0.019805555555555555
0 0.0521875 0.35730555555555554 0.0955625 0.1471111111111111
0 0.1474609375 0.3712083333333333 0.086609375 0.10375000000000001
0 0.270375 0.3646111111111111 0.0734375 0.06355555555555556
0 0.7888906250000001 0.4909861111111111 0.32778125 0.9819722222222222
