0 0.629703125 0.7876463700234192 0.11693750000000001 0.16405152224824354
0 0.20917968750000002 0.7580093676814988 0.070734375 0.05911007025761124
0 0.706296875 0.5997072599531615 0.05031250000000001 0.05088992974238876
0 0.786765625 0.655 0.046125 0.047517564402810304
0 0.9441718750000002 0.7592974238875877 0.10571875 0.08407494145199063
0 0.8207734375 0.6782786885245902 0.045390625000000004 0.04081967213114754
0 0.7373515625 0.6220140515222482 0.037390625000000004 0.03583138173302108
0 0.06296875 0.9056206088992974 0.1259375 0.16627634660421545
0 0.971703125 0.8488875878220141 0.05659375 0.09688524590163934
0 0.7549140625 0.6405269320843091 0.024640625 0.028688524590163935
