0 0.11817968750000002 0.4583194444444445 0.16723437500000002 0.07358333333333333
0 0.9560312500000001 0.3932083333333334 0.0879375 0.1353611111111111
0 0.8670781249999999 0.40252777777777776 0.11053125 0.0813888888888889
0 0.7743046875 0.25233333333333335 0.076390625 0.36294444444444446
0 0.574828125 0.3414027777777778 0.02459375 0.1434166666666667
0 0.5493203125 0.36647222222222225 0.040109375 0.09188888888888888
0 0.082671875 0.5285555555555556 0.16428125000000002 0.11233333333333333
0 0.700125 0.40894444444444444 0.0733125 0.033666666666666664
0 0.671921875 0.39563888888888893 0.12353125000000001 0.050833333333333335
0 0.32126562500000005 0.42275 0.04656250000000001 0.04083333333333333
0 0.5986953125000001 0.4014444444444445 0.028078125 0.022833333333333337
0 0.25416406250000007 0.44815277777777784 0.086109375 0.051861111111111115
0 0.2224609375 0.38708333333333333 0.09885937500000001 0.08
