0 0.22239062500000004 0.7032786885245902 0.13278125000000002 0.09400468384074942
0 0.13243749999999999 0.7084074941451991 0.111625 0.09690866510538643
0 0.0526875 0.7197775175644029 0.10425000000000001 0.09679156908665106
0 0.641390625 0.5898009367681499 0.110625 0.06906323185011709
0 0.7075390625 0.5767798594847775 0.11029687500000002 0.07042154566744731
0 0.8595703125 0.5485714285714286 0.052828125000000004 0.04215456674473068
0 0.933703125 0.5349063231850117 0.10831249999999999 0.04756440281030445
0 0.9663593750000001 0.5262177985948477 0.06728125 0.04761124121779859
0 0.7534140625 0.569344262295082 0.08467187500000001 0.05601873536299766
0 0.7933046875 0.5588056206088993 0.064859375 0.06459016393442622
0 0.8326953125 0.5578103044496487 0.061796875 0.061756440281030445
0 0.012351562500000001 0.7407377049180328 0.021421875000000003 0.05430913348946136
0 0.88746875 0.5457962529274005 0.08340625000000002 0.050749414519906326
0 0.9320312500000001 0.7060889929742389 0.1328125 0.4426229508196721
