0 0.3085435435435436 0.7486700000000001 0.4982882882882883 0.2819
0 0.4509159159159159 0.50621 0.32333333333333336 0.19546000000000002
0 0.6813213213213213 0.48396999999999996 0.36084084084084084 0.12602
0 0.8537087087087087 0.49216000000000004 0.2533033033033033 0.0792
0 0.9066066066066065 0.38411 0.09663663663663663 0.10206
0 0.8090090090090091 0.3755 0.12972972972972974 0.0882
0 0.8397747747747747 0.30654999999999993 0.06315315315315316 0.044180000000000004
0 0.9056306306306305 0.30953 0.06585585585585585 0.048100000000000004
0 0.12028528528528529 0.44561 0.24057057057057057 0.19774000000000003
0 0.5743543543543543 0.27719 0.09015015015015015 0.02982
0 0.7426876876876877 0.36940999999999996 0.11108108108108108 0.05702
0 0.544984984984985 0.84939 0.392972972972973 0.27654
0 0.5585585585585585 0.33454 0.09153153153153153 0.04064
0 0.6846846846846847 0.29 0.6246246246246246 0.116
