0 0.4916796875 0.4976291079812207 0.044640625 0.019812206572769952
0 0.9360781250000001 0.4961267605633803 0.0729375 0.0292018779342723
0 0.7267265625000001 0.5145539906103287 0.05120312500000001 0.02915492957746479
0 0.4077578125 0.47852112676056335 0.046140625000000005 0.22126760563380282
0 0.5440859375 0.5052464788732395 0.046515625000000005 0.020633802816901407
0 0.2065390625 0.47397887323943666 0.040109375 0.1481455399061033
0 0.29946875 0.4366431924882629 0.045250000000000005 0.14544600938967137
0 0.1215078125 0.4953051643192488 0.042328125 0.022535211267605635
0 0.6902109375000001 0.4690845070422536 0.031796875 0.08582159624413147
0 0.0144453125 0.5058333333333334 0.028890625 0.02119718309859155
0 0.92071875 0.522218309859155 0.0581875 0.024577464788732396
0 0.8686562500000001 0.4513262910798122 0.07640625000000001 0.19448356807511735
