0 0.38640625 0.6833203125 0.7653541666666667 0.100984375
0 0.27265625 0.6179765625 0.5393125 0.062921875
0 0.13389583333333333 0.55471875 0.26779166666666665 0.03809375
0 0.10715625000000001 0.5380156250000001 0.21252083333333335 0.02065625
0 0.17333333333333334 0.4614609375 0.21291666666666667 0.021296875000000003
0 0.33268749999999997 0.480171875 0.34904166666666664 0.03284375
0 0.09678125 0.520796875 0.1860625 0.02078125
0 0.16114583333333332 0.48913281250000007 0.32229166666666664 0.049046875000000004
0 0.12961458333333334 0.498953125 0.2592291666666667 0.04684375
0 0.49173958333333334 0.853796875 0.9834791666666667 0.2885625
0 0.16917708333333334 0.58209375 0.33747916666666666 0.04050000000000001
0 0.3026666666666666 0.45940625 0.2669583333333333 0.014499999999999999
0 0.11338541666666666 0.509421875 0.22122916666666667 0.031906250000000004
0 0.45729166666666665 0.56640625 0.61875 0.2671875
