0 0.5348828125000001 0.6166874999999999 0.138015625 0.110125
0 0.6208593750000001 0.56721875 0.08787500000000001 0.08664583333333334
0 0.761703125 0.3662916666666666 0.18221875 0.4135
0 0.93734375 0.4510520833333333 0.10343750000000002 0.15160416666666665
0 0.57690625 0.47913541666666665 0.15959375 0.09702083333333333
0 0.356875 0.40207291666666667 0.06321875 0.0613125
0 0.5814296875 0.4038333333333333 0.072484375 0.05816666666666667
0 0.4924140625000001 0.412375 0.09976562500000001 0.09204166666666666
0 0.23100781250000005 0.6133229166666667 0.054640625 0.03685416666666667
0 0.41900000000000004 0.41751041666666666 0.05715625 0.08360416666666667
0 0.2410703125 0.36297916666666663 0.09826562500000001 0.09041666666666666
0 0.3087109375 0.39196875000000003 0.022703125 0.028645833333333332
