0 0.5320546875 0.8223124999999999 0.11720312500000002 0.06908333333333333
0 0.589953125 0.7616458333333332 0.1195625 0.042749999999999996
0 0.5715546875 0.7406770833333333 0.077078125 0.0416875
0 0.8989140625000002 0.7540729166666666 0.145515625 0.11202083333333333
0 0.8035703125 0.7133541666666666 0.059921875000000006 0.020874999999999998
0 0.5400234375 0.6973229166666667 0.024921875 0.017604166666666664
0 0.501859375 0.6946458333333333 0.023000000000000003 0.017
0 0.4030546875 0.7107708333333334 0.027546875 0.025
0 0.16546875000000003 0.6977708333333333 0.027625 0.012791666666666666
0 0.368515625 0.7239375 0.029625000000000002 0.03704166666666667
0 0.045265625000000004 0.7154270833333334 0.074 0.0470625
0 0.574984375 0.70771875 0.040406250000000005 0.017729166666666667
0 0.89796875 0.6730104166666666 0.0563125 0.0243125
0 0.7406250000000001 0.6802083333333333 0.484375 0.12708333333333333
