0 0.27990624999999997 0.7392037470725995 0.5598124999999999 0.3672131147540984
0 0.4207265625 0.5483372365339578 0.6544531250000001 0.511615925058548
0 0.622421875 0.5451405152224824 0.31528125 0.26789227166276347
0 0.73465625 0.504496487119438 0.32084375000000004 0.19100702576112413
0 0.10846093750000002 0.8304566744730679 0.21692187500000004 0.30789227166276345
0 0.032625 0.41256440281030443 0.06406250000000001 0.10245901639344263
0 0.41663281250000006 0.5044262295081967 0.096203125 0.05911007025761124
0 0.9429453125 0.4393676814988291 0.11410937500000001 0.06304449648711945
0 0.0792421875 0.26423887587822015 0.079140625 0.5269320843091335
0 0.8907109375 0.5073536299765808 0.123953125 0.06098360655737705
0 0.8054765625 0.48899297423887583 0.171734375 0.07658079625292741
