0 0.41010937500000005 0.62425 0.13090625 0.18016666666666667
0 0.2304453125 0.6440937499999999 0.139828125 0.16960416666666667
0 0.395828125 0.4309895833333333 0.09631250000000001 0.15102083333333333
0 0.522421875 0.45870833333333333 0.1151875 0.11991666666666667
0 0.66453125 0.44556250000000003 0.09615625 0.12091666666666666
0 0.9011171875000001 0.6391875 0.137109375 0.201875
0 0.8465625 0.7410729166666667 0.1154375 0.2655208333333333
0 0.2789375 0.7853958333333332 0.09943750000000001 0.15504166666666666
0 0.0815234375 0.61165625 0.130578125 0.22693750000000001
0 0.7905390625000001 0.4470625 0.087828125 0.16666666666666666
0 0.5029375 0.24153125 0.07996875 0.13302083333333334
0 0.9215078125 0.23825 0.075515625 0.13241666666666668
0 0.23959375000000002 0.19517708333333333 0.09000000000000001 0.13072916666666667
0 0.49921875000000004 0.5166666666666666 0.9984375000000001 0.9625
