0 0.5992890624999999 0.6475295508274231 0.801421875 0.7049408983451536
0 0.31716406250000007 0.6500945626477541 0.6343281250000001 0.6733806146572103
0 0.19010937500000002 0.44158392434988175 0.37725000000000003 0.35730496453900706
0 0.657890625 0.2906028368794326 0.211 0.22782505910165485
0 0.46785156250000004 0.2561702127659574 0.187140625 0.16628841607565012
0 0.8494453125 0.25152482269503545 0.18576562500000002 0.14645390070921985
0 0.9651093750000002 0.3189952718676123 0.06978125 0.2229550827423168
0 0.15106250000000002 0.11114657210401892 0.10578125000000001 0.08687943262411348
0 0.197578125 0.22425531914893615 0.351625 0.15541371158392434
0 0.10345312499999999 0.26397163120567374 0.20690624999999999 0.14439716312056736
