0 0.2648671875 0.7120824053452115 0.20407812500000003 0.17743875278396437
0 0.411453125 0.7282293986636971 0.25784375000000004 0.2232293986636971
0 0.5276484375 0.77728285077951 0.185703125 0.20472160356347438
0 0.684 0.7456124721603562 0.209125 0.35630289532293985
0 0.766078125 0.4371603563474387 0.14453125 0.056636971046770596
0 0.9040078125 0.5817371937639197 0.091484375 0.10792873051224944
0 0.8107500000000001 0.5353786191536748 0.09990625 0.15289532293986638
0 0.44235937499999994 0.36575723830734963 0.0325 0.06719376391982183
0 0.731453125 0.565489977728285 0.06865625 0.08224944320712695
0 0.8239609375000001 0.4619042316258351 0.052171875000000006 0.043051224944320704
0 0.642234375 0.559109131403118 0.10471875 0.09465478841870824
0 0.8919296874999999 0.49318485523385297 0.087578125 0.08739420935412026
0 0.8572109375000001 0.8129732739420934 0.189484375 0.305456570155902
0 0.55 0.41202672605790647 0.49375 0.16481069042316257
