0 0.6186250000000001 0.7157064017660045 0.49881250000000005 0.18041942604856512
0 0.402390625 0.6564679911699779 0.1769375 0.05898454746136865
0 0.116046875 0.6348344370860927 0.0725625 0.040662251655629145
0 0.2970078125 0.6557064017660045 0.070609375 0.03503311258278145
0 0.060140625 0.6461037527593819 0.05065625000000001 0.016622516556291392
0 0.9163125000000001 0.7154194260485651 0.16737500000000002 0.11366445916114791
0 0.8111406250000001 0.6638520971302428 0.057968750000000006 0.044878587196467985
0 0.8489140625 0.6616225165562913 0.039515625 0.05105960264900662
0 0.24743750000000003 0.6488852097130242 0.05121875000000001 0.011501103752759381
0 0.9874843750000001 0.6715121412803532 0.02503125 0.03282560706401766
