0 0.09258593749999999 0.6415573770491804 0.144296875 0.14658079625292741
0 0.268265625 0.6447540983606558 0.13593750000000002 0.15039812646370024
0 0.426875 0.6430913348946137 0.13078125000000002 0.13475409836065574
0 0.5827890625000001 0.6401756440281031 0.12757812500000001 0.1302810304449649
0 0.740890625 0.6249531615925059 0.09128125000000001 0.09355971896955505
0 0.845609375 0.6283723653395784 0.08834375 0.09749414519906324
0 0.649609375 0.6242505854800937 0.054906250000000004 0.09332552693208432
0 0.18078125 0.6159250585480094 0.09128125000000001 0.09681498829039814
0 0.053984375 0.6129156908665107 0.09943750000000001 0.09885245901639345
0 0.514953125 0.6241217798594848 0.09631250000000001 0.09948477751756439
