0 0.37160000000000004 0.20398666666666668 0.03644 0.015546666666666667
0 0.23165 0.20116 0.03666 0.018799999999999997
0 0.08091 0.2103066666666667 0.0181 0.009733333333333333
0 0.5877300000000001 0.17902666666666664 0.02414 0.05266666666666667
0 0.5563600000000001 0.20482666666666663 0.014320000000000001 0.011786666666666666
0 0.74827 0.18150666666666665 0.023940000000000003 0.06824
0 0.81098 0.18324000000000001 0.0162 0.05863999999999999
0 0.6248300000000001 0.20305333333333336 0.02798 0.010960000000000001
0 0.18447 0.19698666666666664 0.005940000000000001 0.019786666666666664
0 0.91759 0.18937333333333334 0.01666 0.06914666666666666
0 0.48242 0.1640933333333333 0.03448 0.09906666666666666
0 0.20548999999999998 0.20578666666666667 0.01634 0.013226666666666666
0 0.45610999999999996 0.16524 0.02554 0.08333333333333333
0 0.341 0.17466666666666666 0.642 0.09866666666666667
