0 0.351234375 0.701125 0.1 0.06791666666666667
0 0.29084375 0.26185416666666667 0.01915625 0.01225
0 0.233171875 0.6492708333333334 0.08712500000000001 0.04675
0 0.173421875 0.6110208333333333 0.09609375 0.035666666666666666
0 0.1678203125 0.6415833333333334 0.034359375 0.03979166666666667
0 0.4316093750000001 0.6193958333333334 0.03284375 0.028958333333333332
0 0.634296875 0.25769791666666664 0.012 0.022104166666666664
0 0.609140625 0.7547291666666667 0.055531250000000004 0.08370833333333333
0 0.9122421875 0.7239791666666666 0.035234375000000005 0.06504166666666666
0 0.34528125000000004 0.6241979166666667 0.07653125 0.04747916666666666
0 0.8123203125 0.2638229166666667 0.010671875 0.01627083333333333
0 0.7932265625000001 0.7831979166666667 0.058765625 0.09381250000000001
0 0.5287265625 0.7095833333333333 0.035609375 0.06558333333333333
0 0.49453125000000003 0.2635416666666667 0.7828125 0.06041666666666667
