0 0.42112000000000005 0.67067 0.024106666666666665 0.012740000000000001
0 0.33064 0.63674 0.13114666666666666 0.03576
0 0.6486 0.64412 0.056133333333333334 0.01284
0 0.7057333333333334 0.66079 0.03354666666666667 0.01034
0 0.81448 0.64624 0.05386666666666666 0.013720000000000001
0 0.5669733333333333 0.6618400000000001 0.10317333333333333 0.01504
0 0.30239999999999995 0.6616000000000001 0.08927999999999998 0.014320000000000001
0 0.7153466666666666 0.6470400000000001 0.017893333333333334 0.00292
0 0.5542133333333332 0.65324 0.028373333333333334 0.01064
0 0.45111999999999997 0.64269 0.020906666666666667 0.00826
0 0.15033333333333332 0.6526000000000001 0.10664 0.01568
0 0.10088 0.64127 0.07674666666666667 0.00962
0 0.7242266666666667 0.6364400000000001 0.05826666666666667 0.01
0 0.5 0.384 0.9946666666666666 0.624
