0 0.5589921875 0.7083750000000001 0.791421875 0.10066666666666667
0 0.5912421875 0.30163541666666666 0.399859375 0.6032708333333333
0 0.096078125 0.5733645833333334 0.06703125 0.028104166666666666
0 0.0300625 0.5682812500000001 0.060125 0.0559375
0 0.19169531250000002 0.57096875 0.027765625000000002 0.029062499999999998
0 0.20428125000000003 0.5782291666666667 0.12093750000000002 0.014291666666666668
0 0.9760546875000001 0.5911875 0.047546875 0.039875
0 0.8835312500000001 0.5917916666666667 0.083875 0.020416666666666666
0 0.7935 0.5806458333333333 0.08168750000000001 0.03291666666666667
0 0.24543749999999998 0.57865625 0.035562500000000004 0.010520833333333333
0 0.0646015625 0.5740625 0.025671875 0.028333333333333332
0 0.9322734375 0.5978854166666667 0.047609375 0.017229166666666667
