0 0.286875 0.7261436950146627 0.23503125 0.16260997067448682
0 0.0786953125 0.5798826979472141 0.154328125 0.10017595307917887
0 0.21178125 0.6192815249266862 0.09903125000000002 0.06771260997067449
0 0.4750546875000001 0.6017155425219941 0.12085937499999999 0.09193548387096774
0 0.37482031250000003 0.5635923753665689 0.085953125 0.0813782991202346
0 0.5843359375 0.6508944281524927 0.132359375 0.10530791788856304
0 0.7438515625000001 0.7146774193548386 0.190453125 0.08765395894428153
0 0.09657812500000001 0.7048093841642229 0.19315625000000003 0.13935483870967744
0 0.8536328125000001 0.6770234604105572 0.174859375 0.0524633431085044
0 0.940375 0.5883577712609971 0.11925 0.06897360703812316
0 0.7609453125000001 0.5499266862170088 0.040078125 0.03868035190615836
0 0.7724296875000001 0.5985923753665688 0.16242187500000002 0.0436950146627566
0 0.295234375 0.5895454545454545 0.07953125 0.05498533724340176
0 0.5015625 0.6510263929618768 0.99375 0.3284457478005865
