0 0.8448847517730496 0.6205781250000001 0.19391843971631206 0.045062500000000005
0 0.10550531914893617 0.8433671875000001 0.21101063829787234 0.078265625
0 0.7441578014184397 0.579125 0.11817375886524824 0.023281250000000003
0 0.21802304964539007 0.6561796875 0.2932446808510638 0.085390625
0 0.07125000000000001 0.7848125 0.14250000000000002 0.0504375
0 0.283395390070922 0.6172734375000001 0.14725177304964537 0.021265625
0 0.08286347517730497 0.7393125 0.16572695035460994 0.06825
0 0.6533156028368795 0.5553046875000001 0.0724113475177305 0.012046875
0 0.32128546099290783 0.59140625 0.09980496453900708 0.01678125
0 0.42100177304964537 0.5437890625 0.039663120567375885 0.010359375
0 0.7960017730496454 0.6060625000000001 0.12494680851063829 0.03821875
0 0.28960106382978723 0.6029062500000001 0.13111702127659575 0.01684375
0 0.6098404255319149 0.5496093750000001 0.033865248226950355 0.01334375
0 0.5 0.55703125 0.43971631205673756 0.0671875
