0 0.35669531250000003 0.22831975560081466 0.021703125000000004 0.0057230142566191446
0 0.41611718750000004 0.21726069246435842 0.034359375 0.012606924643584521
0 0.28645312500000003 0.25648676171079426 0.035937500000000004 0.008737270875763746
0 0.08240625 0.24162932790224032 0.03175 0.00879837067209776
0 0.10916406249999999 0.23313645621181261 0.027109375000000005 0.012627291242362525
0 0.32162500000000005 0.2210692464358452 0.06034375 0.027596741344195517
0 0.04878125 0.21491853360488797 0.02084375 0.006171079429735233
0 0.16725781250000002 0.1912118126272912 0.009015625 0.005356415478615071
0 0.2931640625 0.22656822810590627 0.013078125 0.016883910386965375
0 0.353484375 0.21393075356415475 0.023656250000000004 0.009490835030549897
0 0.37417187500000004 0.22353360488798368 0.022218750000000002 0.00910386965376782
0 0.39249218750000003 0.22133401221995924 0.018484375 0.01105906313645621
0 0.296875 0.21486761710794294 0.51875 0.12830957230142565
