0 0.2523984375 0.7229375 0.30023437500000005 0.16308333333333333
0 0.45875781250000003 0.6533645833333334 0.040046875 0.030104166666666664
0 0.8928437499999999 0.7031354166666667 0.17625000000000002 0.08297916666666666
0 0.25320312500000003 0.6180104166666667 0.12731250000000002 0.08772916666666666
0 0.561640625 0.58434375 0.18646875000000002 0.2092291666666667
0 0.8534375000000001 0.6355104166666665 0.10465625 0.03085416666666667
0 0.6884218750000001 0.6163854166666667 0.07025 0.0131875
0 0.38083593750000005 0.6118020833333334 0.071640625 0.031020833333333334
0 0.44157031250000006 0.5501458333333333 0.062453125 0.17708333333333334
0 0.096328125 0.5419479166666666 0.16353125000000002 0.18781250000000002
0 0.9459140625 0.6499166666666666 0.107453125 0.03808333333333334
0 0.9260859375000001 0.6785625 0.12926562500000002 0.063
