0 0.2410234375 0.6431502242152467 0.049421875000000004 0.043116591928251125
0 0.5158828125 0.6480829596412555 0.057890625 0.03432735426008968
0 0.40468750000000003 0.5515470852017937 0.050031250000000006 0.13192825112107623
0 0.35635937500000003 0.555347533632287 0.03409375 0.10934977578475337
0 0.1717265625 0.5425112107623318 0.103609375 0.3422421524663677
0 0.61059375 0.5349663677130044 0.07856250000000001 0.27742152466367714
0 0.7741093750000001 0.6724439461883408 0.07678125000000001 0.08399103139013453
0 0.8511484375 0.6302802690582958 0.100109375 0.036210762331838564
0 0.8091875000000001 0.6108408071748879 0.0553125 0.04464125560538117
0 0.1413984375 0.5849215246636771 0.023734375000000002 0.1298878923766816
0 0.4897890625000001 0.562847533632287 0.037453125 0.08982062780269058
