0 0.17029687500000001 0.18413348946135832 0.08025 0.02091334894613583
0 0.4328671875000001 0.17850117096018736 0.214984375 0.10149882903981265
0 0.5913124999999999 0.19977751756440282 0.10049999999999999 0.03913348946135831
0 0.6884921875000001 0.07540983606557378 0.074234375 0.030304449648711942
0 0.76746875 0.1682903981264637 0.04831250000000001 0.0365807962529274
0 0.6710781250000001 0.16104215456674473 0.057468750000000006 0.049531615925058545
0 0.047109375 0.09001170960187355 0.031 0.09098360655737706
0 0.07171875 0.09484777517564402 0.034375 0.04768149882903981
0 0.07630468750000001 0.08625292740046837 0.065546875 0.0263231850117096
0 0.2236796875 0.07070257611241217 0.042046875000000004 0.016674473067915693
0 0.5823515625 0.1666744730679157 0.06754687499999999 0.027166276346604214
0 0.7734296875000001 0.09216627634660421 0.022734375 0.05875878220140515
0 0.9474687500000001 0.17611241217798596 0.0475 0.04857142857142857
0 0.44453125000000004 0.10421545667447307 0.8859375 0.20374707259953162
