0 0.9740078125 0.3942974238875878 0.036796875 0.035573770491803276
0 0.8795390625 0.39533957845433254 0.024140625 0.008524590163934427
0 0.8195156250000001 0.39525761124121783 0.030343750000000003 0.021662763466042154
0 0.17991406250000003 0.3886182669789227 0.024734375000000003 0.011522248243559718
0 0.1626796875 0.4013934426229508 0.022234375 0.017587822014051523
0 0.1445390625 0.39400468384074944 0.035078125 0.02177985948477752
0 0.061507812499999995 0.39569086651053864 0.015046875000000001 0.01063231850117096
0 0.2674765625 0.39101873536299764 0.018453125 0.017447306791569087
0 0.30802343750000005 0.38978922716627634 0.020078125000000002 0.014847775175644028
0 0.8568906250000001 0.38778688524590166 0.01434375 0.012435597189695549
0 0.08539843750000001 0.39694379391100704 0.014328125 0.011217798594847775
0 0.9418984374999999 0.38830210772833723 0.035671875 0.022037470725995316
0 0.7584453125 0.37857142857142856 0.016859375 0.016065573770491805
0 0.50546875 0.32435597189695553 0.9859375 0.16627634660421545
