0 0.4201015625 0.5963232514177693 0.740890625 0.3577882797731569
0 0.9083515625 0.3639603024574669 0.078421875 0.07298676748582231
0 0.36367187500000003 0.29465028355387524 0.03315625 0.06748582230623819
0 0.49578125000000006 0.32517013232514175 0.047218750000000004 0.023534971644612476
0 0.12375000000000001 0.3819565217391304 0.04340625000000001 0.03525519848771266
0 0.597859375 0.3182136105860114 0.029937500000000002 0.022627599243856336
0 0.7072890625 0.3248109640831758 0.035828125 0.021984877126654066
0 0.6291484375 0.32484877126654066 0.028078125 0.018052930056710777
0 0.669484375 0.31392249527410215 0.02071875 0.019678638941398867
0 0.6915468750000001 0.2851512287334594 0.01734375 0.04852551984877127
0 0.7285390625 0.31448015122873346 0.023046875 0.011266540642722117
0 0.7262265625 0.28452741020793954 0.016671875 0.04841209829867675
0 0.7601953125 0.2834971644612476 0.018328125 0.06328922495274102
0 0.5375 0.31474480151228734 0.909375 0.07372400756143667
