0 0.31579687500000003 0.570828125 0.33615625 0.12128125000000001
0 0.4315703125000001 0.4315703125 0.594015625 0.136765625
0 0.5251562500000001 0.4173984375 0.46234375 0.10417187500000001
0 0.15145312500000002 0.1854765625 0.1796875 0.044640625
0 0.22767968749999998 0.28909375 0.240546875 0.08696875
0 0.8155234375 0.385359375 0.13604687499999998 0.06484375
0 0.9155859375 0.34547656250000003 0.103671875 0.052796875
0 0.6655390625000001 0.4774765625 0.110359375 0.033796875
0 0.5725000000000001 0.46010156250000006 0.16028125000000001 0.070859375
0 0.11509375 0.550671875 0.14315625 0.08887500000000001
0 0.5531640624999999 0.287796875 0.10026562500000001 0.06484375
0 0.3899765625 0.5264296875000001 0.48570312500000007 0.089609375
0 0.7815000000000001 0.8048437500000001 0.3388125 0.1225625
0 0.5015625 0.6000000000000001 0.9812500000000001 0.796875
