0 0.5333828125 0.5636666666666666 0.097734375 0.10745833333333332
0 0.6806562500000001 0.5198125 0.1685625 0.21379166666666669
0 0.800578125 0.5667187499999999 0.0595625 0.08447916666666666
0 0.89578125 0.5471874999999999 0.146625 0.16854166666666667
0 0.12362500000000001 0.50003125 0.24356250000000002 0.1486875
0 0.8423281250000001 0.414125 0.041875 0.03075
0 0.551671875 0.4134583333333333 0.20978125 0.06479166666666666
0 0.27471875000000007 0.79775 0.5460625 0.40449999999999997
0 0.35571093750000005 0.6053541666666666 0.24160937500000002 0.20358333333333334
0 0.949015625 0.42986458333333327 0.05771875 0.05497916666666667
0 0.8483906250000001 0.43572916666666667 0.051937500000000004 0.04391666666666666
0 0.5962890625 0.48439583333333336 0.12176562500000002 0.12716666666666665
0 0.14318750000000002 0.5673541666666666 0.21931250000000002 0.07254166666666667
0 0.6492187500000001 0.453125 0.2984375 0.12708333333333333
