0 0.60846875 0.1490277777777778 0.12387500000000001 0.11011111111111112
0 0.292 0.204125 0.12387500000000001 0.07641666666666667
0 0.26478124999999997 0.6238750000000001 0.30153125000000003 0.21397222222222223
0 0.1946640625 0.7153611111111111 0.38679687500000004 0.5236111111111111
0 0.4603359375 0.18808333333333335 0.038515625 0.043055555555555555
0 0.7037890625000001 0.13756944444444447 0.04170312500000001 0.07858333333333334
0 0.38562500000000005 0.21354166666666669 0.08950000000000001 0.01613888888888889
0 0.17664062500000002 0.15275 0.05325 0.2073888888888889
0 0.4342109375 0.10322222222222222 0.042609375000000005 0.20444444444444443
0 0.041609375000000004 0.12504166666666666 0.07353125 0.08758333333333335
