0 0.46153 0.4776133333333333 0.26166 0.06301333333333332
0 0.6809000000000001 0.4226133333333333 0.17864 0.16629333333333332
0 0.49652999999999997 0.45012 0.0543 0.016613333333333334
0 0.95044 0.46989333333333333 0.09876 0.05632
0 0.8059700000000001 0.45522666666666667 0.028059999999999998 0.021173333333333332
0 0.07499 0.46876000000000007 0.14998 0.08274666666666666
0 0.36144 0.3827466666666667 0.21452000000000002 0.19445333333333334
0 0.1703 0.3736266666666667 0.056920000000000005 0.21941333333333332
0 0.83901 0.48038666666666663 0.15022 0.04904
0 0.06128 0.3506933333333333 0.12256 0.08416
0 0.06706999999999999 0.4173866666666667 0.13413999999999998 0.06981333333333332
