0 0.32423 0.8106020942408377 0.64846 0.3744502617801047
0 0.64437 0.8198560209424084 0.47534 0.36028795811518327
0 0.9381800000000001 0.8060732984293194 0.12364 0.3878534031413613
0 0.26359 0.6545287958115183 0.52718 0.24727748691099477
0 0.09587000000000001 0.6374476439790576 0.19174000000000002 0.14761780104712044
0 0.19401 0.5741623036649215 0.31933999999999996 0.056178010471204194
0 0.5441800000000001 0.4855366492146597 0.08140000000000001 0.03159685863874346
0 0.6786899999999999 0.4819764397905759 0.0253 0.01856020942408377
0 0.7968299999999999 0.48256544502617804 0.03654 0.018324607329842934
0 0.46916 0.4981544502617802 0.0726 0.028717277486910997
0 0.8320299999999999 0.48561518324607333 0.03854 0.028664921465968586
0 0.3748 0.5596727748691099 0.0534 0.061753926701570684
0 0.97451 0.47793193717277493 0.05098 0.04099476439790576
0 0.539 0.5418848167539267 0.838 0.2041884816753927
