0 0.6195900000000001 0.853448795180723 0.0183 0.05340361445783133
0 0.71985 0.8829668674698795 0.01342 0.05587349397590362
0 0.8488900000000001 0.8080722891566267 0.017140000000000002 0.0455421686746988
0 0.8262099999999999 0.7443222891566266 0.012580000000000001 0.013283132530120484
0 0.6658299999999999 0.720737951807229 0.01134 0.022981927710843373
0 0.33945000000000003 0.7772740963855422 0.0197 0.045271084337349395
0 0.31219 0.7514156626506024 0.00914 0.048072289156626515
0 0.31196000000000007 0.7310692771084338 0.01444 0.010753012048192772
0 0.76233 0.881656626506024 0.03386 0.02524096385542169
0 0.8400700000000001 0.7747740963855423 0.01366 0.010993975903614459
0 0.28596000000000005 0.7072138554216868 0.00496 0.02569277108433735
0 0.10949 0.8193975903614459 0.00954 0.05307228915662651
0 0.48629000000000006 0.7393373493975904 0.01238 0.026084337349397593
0 0.46900000000000003 0.7123493975903615 0.934 0.1716867469879518
