0 0.7773671875 0.5789647058823529 0.087296875 0.032141176470588236
0 0.6822421875 0.6994235294117647 0.11820312500000002 0.21592941176470584
0 0.08984375 0.8473882352941176 0.12278125000000001 0.06884705882352941
0 0.416984375 0.746035294117647 0.14828125 0.16825882352941177
0 0.5670859375 0.7807411764705882 0.100953125 0.07654117647058824
0 0.8333125000000001 0.7305999999999999 0.07775 0.09094117647058822
0 0.1113515625 0.7644588235294116 0.16757812500000002 0.08383529411764706
0 0.6723125 0.5794941176470587 0.082125 0.03804705882352941
0 0.295703125 0.7259176470588234 0.2119375 0.11272941176470587
0 0.043500000000000004 0.7396941176470587 0.0855625 0.10870588235294118
0 0.896765625 0.7246470588235294 0.11915625000000002 0.04934117647058823
0 0.7956484375000001 0.6960470588235295 0.083296875 0.03134117647058823
0 0.5746328125 0.46850588235294116 0.850734375 0.42590588235294113
0 0.51484375 0.7552941176470588 0.9671875000000001 0.2117647058823529
