0 0.46396875000000004 0.3874375 0.05940625000000001 0.2574166666666667
0 0.4002265625 0.4475833333333333 0.053921875 0.20554166666666665
0 0.29896875 0.4481354166666666 0.0578125 0.20352083333333332
0 0.5191171874999999 0.3721875 0.21276562499999999 0.26545833333333335
0 0.7036328125 0.5120729166666667 0.11898437500000002 0.3884375
0 0.9573671874999999 0.10584375 0.061515625 0.04727083333333334
0 0.6808984375000001 0.06404166666666666 0.047203125000000005 0.03820833333333333
0 0.3394609375 0.13514583333333335 0.076171875 0.07945833333333334
0 0.0376171875 0.3387395833333333 0.06310937500000001 0.12360416666666667
0 0.0197578125 0.4386458333333333 0.039515625 0.057583333333333334
0 0.9167109375 0.08536458333333334 0.045015625000000004 0.03852083333333333
0 0.587828125 0.05694791666666667 0.032968750000000005 0.018229166666666668
0 0.15242187500000004 0.17365624999999998 0.05203125 0.031020833333333334
