0 0.18802000000000002 0.55368 0.05536 0.012
0 0.42254 0.5424533333333333 0.0426 0.017599999999999998
0 0.3800700000000001 0.5392266666666666 0.02182 0.010026666666666666
0 0.13352 0.5416266666666666 0.019039999999999998 0.016746666666666667
0 0.8955200000000001 0.5058799999999999 0.02816 0.06989333333333334
0 0.5238100000000001 0.53996 0.0249 0.007066666666666666
0 0.46487 0.5259199999999999 0.012740000000000001 0.03866666666666667
0 0.7020500000000001 0.5318400000000001 0.07018 0.020586666666666666
0 0.8404600000000001 0.5199733333333333 0.01088 0.01936
0 0.195 0.5453333333333333 0.066 0.029333333333333333
