0 0.6095234375 0.8264602803738317 0.286390625 0.1569392523364486
0 0.2186171875 0.6917990654205607 0.09117187500000001 0.08275700934579439
0 0.327609375 0.3179789719626168 0.13525 0.6314719626168224
0 0.27406250000000004 0.6673714953271027 0.0859375 0.06661214953271027
0 0.5246171875 0.5525233644859813 0.08010937500000001 0.10705607476635513
0 0.8208359375000001 0.571179906542056 0.176859375 0.11661214953271026
0 0.9616406249999999 0.6558878504672897 0.07671875 0.07345794392523364
0 0.586609375 0.4948714953271028 0.1454375 0.13679906542056072
0 0.739640625 0.5462266355140186 0.12315625 0.11801401869158877
0 0.46134375 0.5507126168224299 0.0663125 0.05665887850467289
0 0.063234375 0.5742523364485981 0.06725 0.057476635514018694
0 0.1438359375 0.527161214953271 0.09417187500000002 0.15404205607476637
0 0.2375078125 0.5551285046728972 0.100765625 0.04698598130841121
0 0.49921875000000004 0.4228971962616822 0.9984375000000001 0.7990654205607476
