0 0.29062853065350536 0.6817763036668509 0.021555568769697296 0.04030772065597932
0 0.346004043527383 0.6175718629076837 0.02155556876969735 0.038580246913580155
0 0.43204049473746803 0.7681499907868067 0.018954034607837313 0.044914317302377
0 0.4876018314800499 0.738207112585222 0.016352500445977334 0.042611018979178114
0 0.49763632039008143 0.5576861065045143 0.01635250044597728 0.03397365026718265
0 0.430739727656538 0.5064377188133407 0.014865909496342939 0.03397365026718265
0 0.08569214414163794 0.1854930574797574 0.016393279748835074 0.05079892860441491
0 0.13437521733514818 0.17510236753794528 0.014406215536855073 0.051568609340845444
0 0.24912817557699377 0.1316154059296204 0.01539974764284506 0.08466488100735814
0 0.2901113749490815 0.133924448138912 0.012915917377870062 0.08004679658877496
0 0.9507929285642944 0.05115375356786684 0.01720138942835896 0.05932115959971113
