0 0.17806267806267803 0.11321144133644134 0.01663339986693279 0.04309926184926185
0 0.2343603391507583 0.09014423076923078 0.012368425542078256 0.04188519813519813
0 0.03518603818005015 0.038850038850038855 0.021751369056758275 0.03642191142191142
0 0.5923487897184845 0.43925834558051646 0.01659498554853335 0.0649538106235566
0 0.6442081195576513 0.44155469242074324 0.014290126444570419 0.06036111694310313
0 0.8032433977310967 0.39464360697039685 0.014290126444570532 0.037397648540835604
0 0.8438089179608449 0.3408434809993702 0.015212070086155636 0.05445622506823433
0 0.189106323435603 0.8461223055295218 0.017696565631623345 0.06619025304592312
0 0.12963763195258965 0.9090909090909092 0.016461921517789174 0.0609184629803186
0 0.4152782301505774 0.7889763217953594 0.01712057057433245 0.02912228984404728
