0 0.059609626261506045 0.32284696807265295 0.018483605042327458 0.024644806723103284
0 0.126381649476914 0.28403139748376527 0.018945695168385637 0.02218032605079298
0 0.25900151565561347 0.47964955084839744 0.012476433403571024 0.07331830000123221
0 0.3015138072529666 0.4660949071506907 0.012476433403571024 0.06099589663968066
0 0.7170172084130019 0.6340866091547351 0.013549931497568475 0.05470157530499894
0 0.7762981587148643 0.575872088646663 0.015431866427786354 0.056708972563897966
0 0.2498485766202302 0.8395585167238712 0.013459855979540998 0.05608273324808771
0 0.18843798371357426 0.830585279404177 0.013459855979541026 0.048231150593355275
0 0.9409339152940144 0.9698126174339629 0.012063255324282237 0.04898412768041876
0 0.9850744631851381 0.9716403833921873 0.014804904261619031 0.04971523406370857
0 0.058523090019153005 0.6507112806325404 0.015551590354739958 0.019098444295294646
