0 0.7676643609800243 0.3015219680290992 0.06895511453013559 0.11327015730193676
0 0.6451074191393539 0.6150090935196707 0.08457775766586934 0.038288503876711025
0 0.4409356347102807 0.3661338183210491 0.06518413170426876 0.047860629845888764
0 0.25269047091612523 0.6407664787593541 0.04997140811185351 0.06407664787593545
0 0.2165321354783871 0.1405591129158207 0.07197056652003697 0.07533233502677972
0 0.3548358853629589 0.8001786177292501 0.019942798217794766 0.08210653683270432
0 0.33464988228884957 0.8099017602489124 0.01945638850516568 0.07562444181959609
0 0.30765414323793217 0.8145832733139351 0.022861256493569668 0.10227305465126339
0 0.28722493530750814 0.8124225749762322 0.021888437068311384 0.09218979574198377
0 0.2687413662276008 0.83402955835326 0.020915617643053105 0.06626141568955088
