0 0.28047070300591426 0.46701189106252394 0.04877751356624595 0.05178365937859612
0 0.2518139137857448 0.6482546988876101 0.047558075727089824 0.053701572688914456
0 0.37589171391988296 0.8985423858841578 0.048167794646667886 0.04602991944764102
0 0.5112493140662154 0.6027042577675489 0.051826108164136325 0.05657844265439201
0 0.720078044021706 0.6453778289221327 0.04511920004877754 0.053701572688914456
0 0.6072800438997621 0.32940161104718063 0.04146088653130899 0.06616800920598388
0 0.769160417047741 0.35769083237437665 0.04207060545088708 0.06712696586114304
0 0.9395124132327842 0.6389146169942712 0.04580327493415789 0.06346265994305512
0 0.885529982060384 0.217831292236973 0.05343715408985081 0.07718431614695896
0 0.8299117196403353 0.021011286062227713 0.030535516622771923 0.042022572124455426
0 0.6325214157574172 0.06174745291756716 0.03271662495296995 0.0514562107646393
