0 0.8714432334070029 0.17479443553808763 0.04659450814459401 0.07653720846046438
0 0.6463413866273761 0.22340590577649067 0.043446230567256654 0.04757718363758598
0 0.7880138776075609 0.41268035372601747 0.05855796293847644 0.03723431762941516
0 0.5200954557761449 0.43026322593990796 0.03777933092804923 0.0455086104359518
0 0.49424959604600316 0.05334374186833203 0.05069226626112852 0.05464480874316939
0 0.15648527506390725 0.3871872303710095 0.061718667927303295 0.04242162784009203
0 0.5305895711986668 0.5741059647082504 0.013343027451236717 0.04607161228278122
0 0.5439325986499034 0.560239751302753 0.012253800720523525 0.06396350054793909
0 0.5566866267465069 0.5672131147540984 0.015968063872255488 0.07540983606557378
0 0.5735528942115768 0.5632786885245902 0.01257485029940122 0.07737704918032785
0 0.5869261477045908 0.5619672131147542 0.015768463073852247 0.07868852459016393
