0 0.7535948511140983 0.46718921760741766 0.05935650564759692 0.08682629960649361
0 0.4585581024539841 0.5245423696410648 0.05935650564759692 0.05018400802944129
0 0.6433197744452784 0.732447545763036 0.0739046687965177 0.03584572002102944
0 0.2874717038226753 0.7539549777756536 0.04655412207654659 0.05177715114148698
0 0.2558792190055978 0.3348535272607749 0.06653359946773119 0.06025993946615174
0 0.3808101953275021 0.8855716972470272 0.02055509577051859 0.062197343284908224
0 0.3624187938486171 0.8907548091874361 0.01730955433306823 0.06515912153657057
0 0.3380772330677398 0.899640143942423 0.02055509577051859 0.07552534541738871
0 0.319956293375309 0.8966783656907608 0.020014172197610224 0.07404445629155747
0 0.3021058154693323 0.913708590637819 0.015686783614343138 0.05035023027825914
