0 0.15708039316755834 0.12056228196183053 0.022662234940722708 0.05936501421828737
0 0.1786317342386378 0.45183371932807603 0.04088089440287233 0.0754888452405382
0 0.4258940288713911 0.5363906926406927 0.022555774278215243 0.08793290043290038
0 0.2517489098723217 0.8763646711853884 0.0486244000376447 0.06596988668701831
0 0.5791793456096872 0.6561416670978423 0.023527935502086192 0.09507424846070267
0 0.62371619308456 0.18615894974590627 0.017830651603332186 0.06528797289666853
0 0.681110036684011 0.4721399458241563 0.019953646145109062 0.06075795549479758
0 0.777424751730595 0.42625503151818944 0.020721094073767123 0.05506189716716028
0 0.8322684306466465 0.77449400241763 0.05778663108638872 0.081362551529616
0 0.8382624420751235 0.8520785434661033 0.04050032023509015 0.07145964083763137
0 0.89688578253561 0.4519006274624253 0.019906219587720174 0.05380855099956223
0 0.9771910304690172 0.25938735177865613 0.023536460116398497 0.05434782608695648
