0 0.08634538152610441 0.7762390993852185 0.05842769069589394 0.03548521597189578
0 0.5735785953177257 0.6440566698899071 0.047010785617385906 0.03903373756908528
0 0.7972156183261473 0.6014744107236323 0.04566762031403202 0.06564764954800711
0 0.7162899087990758 0.7944252725708151 0.05708452539254 0.027501042378219154
0 0.4459778914991067 0.8126114457564116 0.03760862849390876 0.037259476770490414
0 0.4223791718598531 0.5030641178084697 0.050777823939435876 0.04634287630720452
0 0.5152187698161065 0.9077583034025866 0.01585288522511096 0.046323912022641564
0 0.5017678368978306 0.9150559059814959 0.013931323379642969 0.05076593098371676
0 0.48423358505793507 0.9198152120112192 0.016333275686477976 0.060284543043163635
0 0.4695816759862416 0.9163250542560888 0.012970542456908943 0.05584252408208844
0 0.45724133647994036 0.930091060734502 0.018113691880925778 0.04033470972681783
