0 0.6791971612330893 0.3925692253767963 0.0620980261698824 0.10164738871363474
0 0.38062763362164553 0.456975113915177 0.06043468618318916 0.055205047318611984
0 0.5688622754491017 0.6975113915177007 0.07207806609004208 0.03855590606379252
0 0.21150111700717805 0.7249536217759655 0.04435573297848748 0.058133073444299105
0 0.1801275497784918 0.23381464098552657 0.06491082874900604 0.06753695297205338
0 0.3042211032480493 0.8764697447662748 0.0187125748502994 0.07527960997992529
0 0.28607557612048623 0.882294952681388 0.01644438395935398 0.07796816747920858
0 0.26169252404282345 0.8970820189274448 0.0221148611867175 0.0914109549756238
0 0.24297994919252403 0.8858796960137654 0.0187125748502994 0.08693002581015201
0 0.22681908909453816 0.91052480642386 0.01701143168209035 0.0716948666475481
