0 0.09881422924901186 0.3165070605421198 0.1036739454415862 0.05004598820537794
0 0.10144657551998962 0.3395011632310772 0.10326896909220501 0.05139858248119897
0 0.22597680295470743 0.2603743980955473 0.0745156482861401 0.06221933668776713
0 0.2344209906652089 0.28417070430447294 0.07095702632242872 0.04783723053156376
0 0.3380936793093508 0.20723951257919365 0.07621765024892882 0.05956096227669736
0 0.3435901444715332 0.22641324701073323 0.0793933856759675 0.05303373353404562
0 0.3455444431958647 0.2470148127297279 0.07890481099488465 0.046914456587809586
0 0.5218472853125675 0.14798121603205094 0.11602068707844176 0.05213207887952972
0 0.49456275932590005 0.1859514309639919 0.17403103061766265 0.0796348291545572
0 0.7903627418984418 0.08528375773357151 0.07101328401687398 0.04541738577527478
0 0.9270571325907294 0.2383095452402383 0.1273035265130127 0.312031203120312
