0 0.2438095791676354 0.09894326583092253 0.029063008602650566 0.05926550948248151
0 0.15298767728435245 0.16222677595628415 0.027609858172518015 0.051229508196721334
0 0.11665891653103927 0.3440413050466088 0.039235061613578245 0.04721150755384125
0 0.09486166007905136 0.5795965927354548 0.0421413624738433 0.050225008036001266
0 0.01166879795396419 0.821681131468981 0.022523831667054173 0.036162005785920805
0 0.251075331318298 0.6027000964320154 0.04795396419437337 0.06629701060752166
0 0.20275807951639152 0.8513138862102217 0.04141478725877702 0.05122950819672131
0 0.36514764008370143 0.4796488267438123 0.05521971634503603 0.07332851173256189
0 0.30774819809346654 0.30285679845708774 0.04068821204371077 0.06730151076824174
0 0.42036735642873746 0.8498071359691417 0.04650081376424082 0.05625200900032153
0 0.4205281305188799 0.15598961361082045 0.029434025733748186 0.04844397938224237
0 0.46818321980209127 0.26014416928264156 0.030835646006783853 0.05135061814517693
0 0.5312561320886945 0.3696275626865093 0.029434025733748242 0.045537340619307844
0 0.5988843102626636 0.5202883385652831 0.023126734505087832 0.03875518350579389
0 0.5526308412524878 0.6559314808355619 0.027331595324194772 0.03681742433050422
0 0.6773750455526588 0.2262333837150719 0.03293807641633721 0.03778630391814906
0 0.6349760322933311 0.3628454055729954 0.030835646006783853 0.043599581444018175
0 0.5442027053655257 0.09815233241991571 0.01970489029012547 0.02964601060846433
0 0.5302933710430842 0.20071150425460313 0.024341335064272707 0.03124849766838133
0 0.6380907120420062 0.8609361729404034 0.028977779838419943 0.039260932967966296
