0 0.7765990318261405 0.30143540669856456 0.07518796992481205 0.12280701754385966
0 0.39035946029457197 0.3847687400318979 0.07621794211556288 0.06140350877192985
0 0.6344628695025234 0.6893939393939394 0.09990730250283236 0.04704944178628385
0 0.16907113275383423 0.7241014799154334 0.05961862285532243 0.08104298801973221
0 0.1270407205854757 0.10325861353258613 0.08712435997104791 0.09651307596513076
0 0.28642110760044515 0.9349538916824118 0.027428909015143915 0.11706942675288226
0 0.2617618993708658 0.9371399949912347 0.024259675567272057 0.11770598547458039
0 0.23224596076401807 0.9415226646631606 0.025068331419514495 0.11394941147007275
0 0.21000792482735198 0.9377660906586526 0.024259675567272113 0.1114450288004007
0 0.1873655609645647 0.957663410969196 0.02102505215830246 0.07861257200100168
