0 0.17015763101868775 0.19589106545628282 0.04892367906066536 0.04777830864787388
0 0.14354530010107308 0.3611243828635133 0.04946130190748586 0.04857461379200508
0 0.261015892131352 0.589265806657111 0.05107417044794735 0.04459308807134895
0 0.344078621965119 0.7592769549291288 0.0591385131502548 0.04857461379200508
0 0.39542160383647657 0.32091097308488614 0.04999892475430634 0.047778308647873864
0 0.4878927334896023 0.06967670011148272 0.040321713511537356 0.05813027552157987
0 0.6464914733016495 0.09953814301640389 0.04139695920517834 0.06848224239528587
0 0.5967613599707533 0.35793916228698835 0.04193458205199891 0.05016722408026755
0 0.8126169329691834 0.3543557891383978 0.04247220489881937 0.05892658066571112
0 0.657795172863666 0.9329468599033817 0.0547945205479452 0.06183574879227064
0 0.9453149590135891 0.15252863078950038 0.02463290134523011 0.04560656734569778
