0 0.19399500925702326 0.12432137522695358 0.043467761410287346 0.07691826093178425
0 0.2669779173039255 0.5594461885212911 0.050980707826880266 0.07244626901714567
0 0.4427271995492232 0.21420841271118982 0.028978507606858286 0.09927822050497734
0 0.5983525181786472 0.33629379198082404 0.026831951487831657 0.09659502535619414
0 0.5729635463546354 0.8621174617461748 0.06694419441944195 0.09657215721572163
0 0.6992574257425742 0.14907740774077408 0.021377137713771296 0.0675067506750675
0 0.7954545454545454 0.09985373537353737 0.022502250225022523 0.0571932193219322
0 0.9152790279027904 0.12516876687668768 0.01687668766876695 0.05156765676567658
0 0.8494599459945995 0.45520177017701774 0.05625562556255631 0.07782028202820282
0 0.8576170117011701 0.5353660366036603 0.042191719171917205 0.06938193819381931
