0 0.08022385167501202 0.10087908920593747 0.06123366456353574 0.05043954460296873
0 0.06103988714403088 0.41912859681990683 0.041468367774040026 0.03242542153047991
0 0.24784131954671587 0.27651678916270356 0.04146836777404003 0.036628716914060645
0 0.3987939293410018 0.27501561223999615 0.03410482583285534 0.03362636306864583
0 0.3473139143713331 0.1005087700572811 0.042481371344592844 0.04180453267869214
0 0.5925864266277827 0.08939054328103319 0.03243510109418234 0.03202049311559397
0 0.5776419824852429 0.32475140225239074 0.03520910427093531 0.03148660720823631
0 0.5065198390113018 0.5706333459309649 0.03836694040165872 0.02952569916855626
0 0.4424302788844621 0.8643518518518518 0.04223107569721113 0.021913580246913648
0 0.5807687125892564 0.8742370927019342 0.02534146826542462 0.027832448659072417
0 0.8242392747849183 0.8466531480487464 0.02085057515509617 0.023359376553149975
0 0.8855078879329702 0.9080336375022364 0.02919080521713462 0.0248504005884574
