0 0.09779162860673793 0.10490151168117269 0.03976143141153081 0.070545121392579
0 0.17059803342109503 0.5506184150251946 0.048895814303368944 0.06779661016949153
0 0.34495728332706455 0.19514429683921208 0.023641932190639963 0.09528172240036646
0 0.5015850840900542 0.32295006871278054 0.02632851539412172 0.09986257443884565
0 0.4785312515152984 0.8608929309632078 0.07212820637152693 0.10128152128978915
0 0.6045952402297092 0.1267814593355213 0.018456897870074 0.07193274288540216
0 0.7016257890323838 0.0786764375309086 0.02056625762665391 0.05305039787798409
0 0.8231776450052997 0.10475205682686688 0.016874878052639066 0.06204199073865935
0 0.7553687774344034 0.4434468870615875 0.05708324311556408 0.08138949488169156
0 0.763734425132374 0.5218996475918778 0.046257110800543275 0.07887229400906193
