0 0.23592630954594146 0.05626381773170765 0.043378570985932965 0.050306472324820946
0 0.3994812277020866 0.19526854389239712 0.02080400853406988 0.034420217906456434
0 0.3740295151338096 0.32235857923931316 0.024787754849104553 0.03574407244132014
0 0.15138235997131702 0.5659478136542357 0.034525801396967044 0.033096363371592726
0 0.13611133243035084 0.6745038855130597 0.03673899379420851 0.03971563604591132
0 0.2137943855735267 0.8250923388538067 0.037181632273656826 0.033758290639024524
0 0.2671323223470463 0.9362961197823583 0.037624270753105114 0.03508214517388812
0 0.2987809736275994 0.646371976647206 0.03186997052027726 0.032434436104160844
0 0.35986508379146415 0.48453075976011756 0.03098469356138069 0.03706792697618387
0 0.4304659212634673 0.6725181037107643 0.0296567781230358 0.03971563604591124
0 0.46211457254402044 0.5017408687133458 0.03186997052027726 0.046334908720229835
0 0.45814465868146853 0.1506298237949614 0.02160629077806995 0.04095674967234601
0 0.49800978673678065 0.2919306101645551 0.02890982568896679 0.04505242463958062
0 0.5349839322231962 0.4166211591670308 0.034691790826760174 0.052333624581331055
0 0.5693714090953355 0.6707805446337557 0.033474535008277406 0.044597349643221144
0 0.5703446111482315 0.18810367275259637 0.018475773957763765 0.03481999576104401
0 0.6499422948429814 0.14930965573621582 0.014679382048634353 0.02308717110243134
0 0.6000830144364131 0.2602037726708451 0.01872886675170582 0.03217064825748627
0 0.6400716758792444 0.33684561116662126 0.0227783514547774 0.03254912647228022
0 0.6397996119048366 0.21906860676533868 0.014283574238006117 0.02448567067293918
0 0.736300832976244 0.24068893299782756 0.023341450584058905 0.03334218985251289
0 0.7072111147110363 0.3352452995326884 0.01881251241103251 0.03282121813606739
0 0.6565218451590876 0.5397266982375527 0.017767372832641824 0.029174416120948784
0 0.7088064107190777 0.6773492742192149 0.023133368496053398 0.03182642146484566
0 0.7104257465138014 0.8247194431760001 0.022670701126132373 0.023523876734886043
0 0.6840528527984667 0.44404572486091837 0.018110610553958302 0.02821129128722477
0 0.7933574789957376 0.7915453864387212 0.013140496546513183 0.020878621519718123
