0 0.3265610314849624 0.04255922825932756 0.028268914473684237 0.05248971485317066
0 0.4328448073308271 0.15888778550148955 0.013216635338345883 0.03404738260746205
0 0.47065906954887216 0.12093914030358915 0.012482377819548862 0.03901262590438359
0 0.41687470629699247 0.26599517662079725 0.01578653665413532 0.036884664491417224
0 0.27075746005639095 0.4685061710880976 0.02459762687969924 0.029082139310540517
0 0.2599271616541353 0.5617818130231238 0.023496240601503765 0.031210100723506926
0 0.31150875234962405 0.6866222159171513 0.022394854323308233 0.029791459781529285
0 0.34730380639097747 0.7798978578521776 0.025699013157894746 0.029082139310540517
0 0.3687808388157895 0.5408568591289545 0.02019208176691728 0.026244857426585343
0 0.40696222979323304 0.39970208540218466 0.017255051691729306 0.02766349836856293
0 0.4734125352443609 0.4163711164704213 0.0209263392857143 0.03262874166548446
0 0.45389524647887325 0.5612543183630082 0.018155809859154937 0.03188944990698905
0 0.4774152728873239 0.8777571086898751 0.025583186619718312 0.03242094073877218
0 0.5439082278481013 0.5606096793104197 0.019778481012658222 0.031265605662548525
0 0.5212890625 0.34264150943396227 0.01953125 0.03924528301886795
0 0.49794921875 0.24 0.01582031249999999 0.04150943396226413
0 0.5443795586016096 0.15204434152082305 0.012771944164989946 0.028472723131240284
0 0.5642251949195172 0.21183706009642764 0.013557909959758585 0.025055996355491463
0 0.5890813631790746 0.18013742834364682 0.009824572434607659 0.022398542196575694
0 0.5958603181589537 0.118066891917543 0.013164927062374265 0.022778178504992214
0 0.5903585575955734 0.27903268668615466 0.012771944164989946 0.023537451121825263
0 0.634569133551308 0.2748566872935728 0.011592995472836987 0.02733381420599066
0 0.6541200326961771 0.19589233514293306 0.01729124748490951 0.02961163205648988
0 0.6365782700116009 0.6892702359584992 0.014727740719257532 0.02232631440703939
0 0.6351054959396751 0.5636299960600621 0.011329031322505734 0.024077397889944455
0 0.6009035625689084 0.44663102494227286 0.012705002756339567 0.025379126708410478
0 0.61943359375 0.3684905660377359 0.0107421875 0.02603773584905657
0 0.64111328125 0.42132075471698116 0.009960937500000044 0.019245283018867958
0 0.6898556227751917 0.6600673706834197 0.008226870550383292 0.023972390419310225
