0 0.5507999660633989 0.25658912863935596 0.029917793049248218 0.03367732313391549
0 0.53427819975262 0.38448277244553497 0.0334900668461735 0.04249757443089337
0 0.6079563468142015 0.5592841163310962 0.03527620374463602 0.0408938923768974
0 0.6619869879926947 0.6895832832182692 0.03527620374463602 0.038488369295903366
0 0.6928747361788564 0.35525805660392284 0.033046489801853325 0.042725913266396076
0 0.8578471472355833 0.822610024090722 0.037084301342669795 0.05288207297726074
0 0.7519027878309315 0.1618811296230651 0.0280757166984712 0.044901335223915866
0 0.8220920795771094 0.3828429634881248 0.026320984404816644 0.04411359250068932
0 0.8514838454958215 0.18236244042695654 0.0280757166984712 0.0527787624561818
0 0.9570302210827611 0.3804959059901828 0.03629105425512612 0.0504524958219027
0 0.9227878553742953 0.08356194620502633 0.03687639383988625 0.05781015146259682
