0 0.10889158665342309 0.3028420093748303 0.04414523783246881 0.03981588171063507
0 0.13758599124452783 0.5133835656931884 0.04708825368796675 0.03619625610057738
0 0.32317992863186545 0.3164156054125468 0.06143545598351915 0.05007148760579863
0 0.30552183349887796 0.6503260679403727 0.04230585292278261 0.033783172360538856
0 0.48927638597652945 0.4989050632529575 0.04120222197697086 0.0374027979705966
0 0.5871148459383754 0.3163374674628694 0.04033613445378148 0.04103506354310212
0 0.6371615312791784 0.49885163068442817 0.03660130718954252 0.03246057265349872
0 0.7243522408963586 0.18062892359516156 0.028886554621848692 0.029187720104118808
0 0.7416378316032295 0.806560566348726 0.03723842478167744 0.034045772649895986
0 0.8144669632558905 0.5512172714745062 0.03592025045312249 0.035666999918938604
0 0.8302850551985499 0.3091139992974682 0.03130664030318001 0.03458618173957687
