0 0.18979456593770708 0.08943589743589743 0.02756792577866138 0.059076923076923075
0 0.10576540755467197 0.1517948717948718 0.018555334658714385 0.04923076923076923
0 0.07130550033134525 0.3380512820512821 0.03233929754804506 0.052512820512820545
0 0.048508946322067585 0.5805128205128206 0.03764082173624917 0.053333333333333365
0 0.14950298210735583 0.8566153846153846 0.0392312789927104 0.050871794871794954
0 0.19615639496355197 0.6084102564102565 0.04135188866799204 0.0598974358974359
0 0.24572564612326042 0.29866666666666664 0.03445990722332672 0.06071794871794872
0 0.2984758117958913 0.4791794871794872 0.04559310801855534 0.06728205128205121
0 0.3495692511597083 0.8534188034188034 0.04417936823503419 0.052136752136752174
0 0.3924041955165558 0.2557147067491895 0.02589825034467524 0.050692602416740354
0 0.34746311403609 0.1419510757441792 0.02437482385381197 0.047155909224874726
0 0.46225536951700197 0.08848377056469542 0.020110550569415873 0.031124944419742097
0 0.4482961386609917 0.1919826652221018 0.018480665303950948 0.02686890574214516
0 0.5857810881191723 0.21971830985915491 0.028001008036289275 0.04420368364030336
0 0.5468596869487301 0.3583965330444203 0.027440987875563514 0.049404117009750836
0 0.45081622938425775 0.3622968580715059 0.025760927393386174 0.046803900325027056
0 0.5121384369837314 0.5209100758396532 0.026320947554111934 0.036403033586132186
0 0.47076034359878455 0.6568525813808833 0.023042338958164793 0.04146796599626791
0 0.5484612540391077 0.8662658096620361 0.02625754904535056 0.040638606676342566
