0 0.10075305713561937 0.09196006305832896 0.024180733712548655 0.07707129094412331
0 0.0763683616787331 0.5771043771043771 0.07354096160162218 0.10318236124687744
0 0.35312137902572965 0.20013280212483395 0.05476103553911837 0.0760593987685621
0 0.36264503738035897 0.2749849088494507 0.04047554800717446 0.07123023059278039
0 0.35932220485148014 0.8203874184886842 0.0327802713197842 0.07000383582662077
0 0.45860860356044175 0.7446298427311085 0.034671440819002475 0.07575757575757576
0 0.5273336362771724 0.9754039064383891 0.03910089086624325 0.045816252712804345
0 0.6567892884694643 0.807410979824773 0.030646644192460874 0.05546177959971067
0 0.7056654020522684 0.9364199019371433 0.03223181544379519 0.05626557350695286
0 0.7894152831644244 0.7374809098947029 0.027476301689792572 0.042601077083835745
0 0.7738277658596383 0.8652841411462101 0.02166400710156715 0.03777831364038258
0 0.9374781575452577 0.8971291866028709 0.040190116726078154 0.05227715754031554
